ID,Recommenders ID,PageRank,Inverse_Betweenness,InDegree,IncomingEdgeWeightSum,Reciprocity,CreditScore
0,"[218, 391]",8.797185784918943,98.6274622277679,1,0.05510547758685642,0,12.492175257646053
1,"[412, 869, 233, 289]",13.11092590963981,98.43973977149827,2,0.13203263156913042,0,20.960193356961724
2,"[582, 624, 592, 662, 469]",9.045685068168286,94.671970012259,2,0.13031169534877385,0,19.047308670047947
3,"[194, 122]",11.665597466184519,97.17768478336502,5,0.38617882525275,1,25.701249595296265
4,"[763, 726, 589, 977, 950, 543, 30]",4.452020967997723,98.1803861733244,1,0.05621141886115738,0,12.022284234615725
5,"[938, 338, 417, 932, 16]",71.67863442381302,91.86726551153262,3,0.2504169130485609,0,48.20991302280249
6,"[232, 390]",12.76087938535421,96.51200605156092,3,0.19819428001651473,0,23.110091059173886
7,"[149, 366, 376]",7.059121790998192,98.63162678324534,2,0.1520075755480117,1,18.38302267604995
8,"[171, 687, 159]",20.653841301698918,97.7721366299121,2,0.08901087695394744,0,15.275057124315286
9,"[102, 851, 123, 794, 684]",17.06785149400787,78.79527386373873,3,0.33089032744092145,0,34.513384433462484
10,"[962, 955, 481]",16.855430281069754,98.39221435171235,2,0.1274520835749252,0,21.09616473067631
11,"[586, 970]",7.049320109632096,99.36634972375285,2,0.13108853864595377,1,15.41734124566204
12,"[10, 202]",9.465107633167213,99.43700537994634,2,0.2048109306476905,0,31.430021776163453
13,"[786, 987]",4.7184314264168234,96.81609920644374,2,0.22727181043805594,0,32.091287528287324
14,[837],5.281611755068009,99.92641878868368,1,0.11353121498290014,0,24.946792129779737
15,"[748, 511, 993, 963, 445, 751]",17.70702342341913,84.68531836657857,2,0.04677377372638298,0,6.936837596606613
16,"[277, 565]",31.975610087198596,96.23079685348846,6,0.30613060969529066,0,24.950231291317035
17,"[475, 614, 404, 506]",6.154392408745143,99.37494230506391,1,0.05935478731972634,0,13.116977078564018
18,"[328, 750, 306]",8.562947829225585,86.46551771403648,2,0.21307476131717915,0,28.5621105116069
19,"[278, 671]",26.543942198318422,98.87342161578849,3,0.17975276554346895,0,24.788643259133078
20,"[772, 943]",29.96062995944564,92.74538228817238,5,0.2845755346863278,0,25.856348743449118
21,[459],18.633871414618568,95.19929413407525,4,0.3210294222687664,0,31.665779122622247
22,"[570, 390, 211]",11.692435551932125,98.41728434074457,2,0.23120755417024974,0,36.098260582191585
23,"[575, 332, 456]",11.215889731868522,97.4226463250716,3,0.14935250797868946,0,17.238673381782963
24,"[292, 839, 377]",31.966207608667254,98.48437616413337,5,0.36597588833067995,0,35.36062228792235
25,[165],23.59415021459945,99.59262548852048,5,0.7962158160157893,0,71.44877023805176
26,[60],19.938513695463225,82.2705769140762,2,0.14862509017218078,0,22.156111419669166
27,"[138, 332, 684]",25.854962232398712,97.72895904142462,2,0.10241566458682425,0,18.54202620476057
28,"[213, 296, 329, 72]",48.54296725006464,79.55653178596549,6,0.5386851921698621,0,45.61606697973056
29,"[951, 388, 312]",10.098141229819632,97.14726323490589,2,0.13446455623521314,0,20.36853985017265
30,"[430, 152, 332, 215, 643]",36.16477480952911,37.01796393932731,5,0.3451916453280943,0,20.147158370184147
31,"[641, 86, 40, 401, 251, 364]",34.36930966466903,81.45072523409529,5,0.23627059159882713,0,20.59111112030585
32,"[666, 366, 193, 849, 305]",0.4159564867116703,99.81706984969345,1,0.04733988461202745,0,9.760714805940522
33,"[580, 797]",17.47153430167718,92.59419258621163,3,0.14639025348771037,0,17.424878816186766
34,[756],11.540141561988717,99.03613023522522,3,0.14813895680013064,0,17.40988104013284
35,"[788, 686, 708, 678, 268, 919, 295]",28.770148256737478,93.28366089596031,6,0.4950945777013391,1,34.144460350915196
36,"[197, 62]",33.13028891959417,91.53054862862012,5,0.4261283286907924,0,39.596417777255326
37,"[405, 413, 466]",28.964662169672046,97.9013189636554,3,0.15368454351430935,0,21.549762093364926
38,"[834, 668, 469]",61.05789040666311,92.43874523986835,7,0.7554723951060502,1,63.34047022128591
39,"[336, 925]",8.070587894683293,96.67908095807519,2,0.21894536756670238,0,32.214633635078854
40,"[508, 770, 967, 656]",16.037609596949654,87.23781491935449,3,0.288381018617755,0,32.17324685737791
41,"[961, 414, 246, 329, 273, 917]",28.691908300453033,85.26113501901088,4,0.28410584067608124,1,24.725945711585616
42,"[933, 458, 272, 832, 93]",4.885906631679932,97.77814539033075,1,0.10105194447783404,0,21.649196160717686
43,"[675, 367, 602, 536, 229, 131]",0.0,100.0,0,0.0,0,0.0
44,"[213, 163, 433, 28, 762]",7.741332659249527,97.34789986002812,3,0.2670171571819841,0,29.528801674134307
45,[623],20.56668156299931,98.87258403575842,3,0.27580348430254575,0,35.77655785041021
46,"[497, 315]",29.17906476570815,96.6826828290215,2,0.1434236509223266,0,26.631420936613846
47,"[387, 33, 428, 497, 407]",46.34020508176038,63.91407009846027,7,0.46204765073173903,0,29.826945774816885
48,[136],2.3748101758413815,99.97980766310918,1,0.07370588680201974,0,15.617040610847694
49,"[731, 932, 927]",19.14246614224614,94.20816887419758,1,0.11719782387097767,0,28.825115559789598
50,"[774, 664, 877, 25]",15.231918877083428,96.07527259046257,3,0.15266156577186565,0,18.248958987711664
51,"[636, 961]",24.469389705837038,89.2807401528797,3,0.4176226873186778,0,52.29070821650757
52,[387],26.002617325019173,98.69922637200354,5,0.4391713178791722,0,40.10625373176897
53,[956],17.880610899021796,97.42937708908588,4,0.28186676537973704,0,28.086729292641948
54,"[828, 377, 379]",4.389532302681398,78.9440530828343,2,0.11341551938303397,0,13.17054484992483
55,"[413, 187]",8.154070151330279,99.0872543642379,1,0.10312688720689381,0,23.29417353018665
56,"[872, 792, 69, 901, 741]",11.462235784939125,96.45955464783341,3,0.3427319939962416,0,39.33565768604509
57,"[795, 406, 461, 837]",43.12415918496474,96.33323549703533,3,0.2916462713515772,0,46.08044705621687
58,"[20, 661, 852]",49.62895042393269,94.18258278089816,3,0.2523987688598205,0,41.57015801105409
59,"[625, 422, 204, 240]",34.5449912859986,87.12870639418371,5,0.4519596334315738,0,41.21819766196598
60,"[743, 518, 922, 724]",20.43382634117252,82.27610301839445,1,0.11269209593259676,0,25.35332424107123
61,"[380, 492, 569]",12.12330375064149,95.29274271507411,3,0.2877239522651191,0,32.93799718739149
62,"[518, 937, 507, 364]",25.55563345268972,94.20252990773457,4,0.298578341090641,0,31.470912767316626
63,"[921, 521, 486, 201]",1.8279750162097044,99.10818836490115,1,0.0626369302580435,0,13.065749868254136
64,"[700, 463]",79.85120923550247,83.04079575612775,6,0.7942568647436857,0,88.3417881325058
65,"[799, 415, 914]",21.749082000835152,97.57301152885549,3,0.22060746130944625,0,28.679419491821005
66,[430],30.603690250038092,98.3329409259269,3,0.2800772936513083,0,40.025472787300735
67,"[590, 520, 495, 854, 979, 524]",7.535352189946384,98.92194857290991,1,0.1672482427902805,0,37.437609383236286
68,"[739, 981, 945, 832, 459]",24.518538289659823,63.47065583025567,3,0.282451718817696,0,27.897233456442127
69,"[34, 792, 854, 594]",3.635366018911259,97.061394487365,2,0.22291747381849603,0,31.11048016909375
70,"[641, 587, 608, 512, 519]",15.399684216131842,96.93207434411005,4,0.32138521775946066,0,31.019697898289124
71,[219],8.191545019989071,99.4555239684711,2,0.15367085443948203,0,23.228671507243522
72,"[151, 41, 321, 241]",52.22551541800572,89.28505769760166,9,1.0,0,65.29039179536443
73,"[239, 738]",17.572463170069327,94.83150356127317,4,0.22965449770727114,0,22.316259569798653
74,"[552, 918, 886, 236, 928]",15.569926524522545,90.99552852704184,5,0.413835175761649,0,31.66780964197167
75,"[505, 893]",9.360417684659145,98.91420700888003,3,0.15626060041865905,0,17.878353170289117
76,"[119, 545, 114, 314]",16.088483249468435,87.36155901286064,5,0.45438537336292256,0,33.85529443713053
77,"[780, 649, 87, 260]",40.78330964172794,72.98792484465727,5,0.33370681762451726,0,29.103113587315022
78,"[795, 344, 916, 356, 936]",25.356188736961723,97.0210155829337,2,0.24922975217785492,0,44.65363078723542
79,"[971, 789, 293]",30.31275672169246,78.4119523839156,3,0.28259614135539285,0,34.490681417534944
80,"[420, 680]",11.513404832311059,96.59911806831214,1,0.03412402582597546,0,7.847455477375798
81,"[402, 919, 201]",8.523400656976493,15.564453615985249,3,0.2272482357187851,0,6.285412662391041
82,"[347, 875, 18, 117, 206, 798]",21.789059626015842,87.5591109882032,4,0.32478812670155666,0,31.120287922207442
83,"[247, 693, 36]",45.4228572757412,98.42586417252903,3,0.24057947316166045,1,35.17785940327165
84,"[185, 370]",26.67724217012043,97.44473701867926,4,0.4700233845637875,0,51.37139226758412
86,"[815, 774]",22.854225656581686,92.96996355109478,5,0.3420369768183992,0,28.910721218617223
87,"[925, 161, 649]",55.29623082957514,89.49904496755912,4,0.32308939605786424,0,43.333011754329284
88,"[177, 488, 473]",19.019589429809653,97.71236765455055,2,0.11375373280616272,0,19.172390377137837
89,"[493, 125]",14.220682048228019,80.6538738790933,5,0.3886444832960526,0,26.509301755262495
90,"[532, 238, 305]",15.281192858541237,97.63045379316132,5,0.44065438505902155,0,35.60589297360991
92,"[505, 629, 403, 497]",0.83191297342334,99.55761897489404,1,0.06049372851801502,0,12.509501817532607
93,"[985, 90, 394]",6.817163312987085,95.06688610813328,3,0.17560426919717773,0,18.786004925095504
94,"[938, 280, 729]",8.287178851145965,99.44373981896844,2,0.11537250874154026,0,17.457831965376652
95,"[924, 243, 919, 352]",14.935364447502064,95.23701222296496,3,0.2070966155475049,0,24.49363973846209
96,"[541, 895, 265, 74]",3.019503452160279,96.68968410147228,1,0.1621337039753978,0,33.543909123083665
97,[200],12.917686340405226,97.7364191849256,2,0.2041149422960606,0,32.13464747138441
98,"[511, 389]",1.5694425069218392,99.98894039545978,1,0.08046523132331108,0,16.873247548678062
99,"[819, 101, 324, 838, 882]",24.71059764502928,78.56216968800962,4,0.3051319427438673,0,27.957819353353248
100,[424],6.602920522134975,99.85266112515758,2,0.22338713045431777,0,33.2403864338103
101,"[318, 482, 24, 882]",9.188913044181623,98.44095394446317,2,0.2349013462069966,0,35.60877311809108
102,"[177, 818]",9.469785889036274,95.9550071027477,3,0.2348055515221475,0,26.186472315591622
103,"[857, 428]",1.1252896169506112,99.93941113425637,1,0.05260907152665452,0,10.962566768755561
104,[5],71.24882646387823,93.8866985220543,4,0.3711416044706761,0,57.60240972869684
105,"[146, 641, 587, 621]",12.365184260568595,96.2990425791619,3,0.49276411143977644,0,57.08307198236253
106,"[511, 839, 510, 45]",23.3924063826027,95.51242787558574,3,0.23565996948568146,0,30.66786707054567
107,"[511, 24, 143, 15]",24.81670433012172,89.1126078935284,3,0.39401286283464004,0,49.45387761392359
108,"[172, 563, 982]",28.180997243916902,87.90078245867308,4,0.32014109891621023,0,33.00679915045706
109,"[617, 371, 587]",11.609068120486125,84.84753234749806,3,0.21506899962622672,0,22.161839888330555
110,"[503, 21]",19.27875809890137,81.34783550560955,2,0.20303864785929865,0,29.766578229461363
111,"[70, 605, 608, 555]",31.810037628876422,97.30522203493905,1,0.040652883738192494,0,11.667796398084729
112,"[343, 242, 459]",6.264552318242434,85.33398485891107,2,0.1774608323717538,0,22.76840128950524
113,"[340, 758, 829]",27.862508704433395,92.84095988920775,3,0.18010742106377703,0,24.046841626526884
114,"[545, 731, 854]",69.87082563039739,66.43354397054343,9,0.9000723914659738,0,59.01589426000703
115,"[385, 870, 274, 308, 799, 339, 38, 216, 125]",7.608540951900563,83.96608389655644,5,0.3235205761697503,1,16.73954638458687
116,"[172, 319, 557, 149]",5.532166319065637,95.63284277736626,1,0.05991499414158076,0,12.678100963734348
117,"[716, 552, 248, 114, 594]",18.229264215227587,90.58694415521634,4,0.44015311276376845,0,41.55269350277833
118,"[395, 44, 144, 814, 599]",23.67671220438146,92.31231459316264,5,0.34769629182797207,1,25.3851875454226
119,"[730, 199, 425, 704, 183, 949]",7.172132087936438,96.72590805823943,2,0.12664427216970578,0,18.434223049260996
120,"[787, 444]",5.808601911115937,99.09593630228669,3,0.2941293948269677,0,32.27665781542867
121,"[465, 704, 220]",23.101959381072742,94.67444723632165,4,0.30662772642079067,0,31.613966536939216
122,"[707, 54, 857, 650]",10.398678069158692,88.94998695770744,3,0.18606035770259693,0,19.648215697629556
123,[706],51.717325769982864,96.21096635876093,8,0.5832564770184911,0,43.975889469239156
124,"[163, 316, 329]",11.613966961331911,98.7955669763043,2,0.2740427929659045,0,42.888795873265046
125,"[573, 208, 582]",45.16953767587045,69.75865827717418,8,0.6356328648006828,1,33.60791724510732
126,"[780, 89]",0.0,100.0,0,0.0,0,0.0
127,"[763, 263, 615, 299, 246, 871, 259, 802]",39.68337094152837,1.2268129025545202,4,0.37756114256415674,0,16.795484059095333
128,"[335, 177, 706, 553, 289]",39.691037704874255,95.84529354986736,5,0.19521198081837474,1,15.77698533866848
129,"[703, 689, 445, 887]",8.033694771652934,98.17258732512106,1,0.036644625342487795,0,8.196308825603813
130,"[83, 987, 251, 967]",6.439409551073183,97.37380995836574,1,0.0311800097521697,0,6.78672363906284
131,"[59, 91]",6.058533701611697,99.04516671554785,2,0.2861292364046827,0,41.97568606897546
133,"[633, 708, 294, 438, 168, 562]",8.30831863518077,92.16871945871034,3,0.31708336930021663,0,33.62497378751831
134,"[779, 320, 110, 829, 293]",41.55472512839143,80.65609531866893,3,0.14535138582889934,0,20.312834757521845
135,"[138, 860]",2.8524888970639455,99.63937733346114,1,0.05273476168452544,0,11.205727566244656
136,"[906, 981]",30.801685826811962,97.28202244514905,3,0.29821872966725294,0,42.3770056482185
137,"[342, 228, 589, 205, 497, 776, 887, 648]",7.579369324253737,90.57431365726038,2,0.13280647347485747,0,18.31112534506156
138,"[335, 784, 442, 443, 902, 123, 544]",25.018912149887896,87.9988305361769,5,0.34347266669988186,1,24.43332954524396
139,"[740, 907]",10.815510139125225,95.06346902747198,3,0.2328147144586251,0,26.18031810453323
140,"[882, 156, 276]",0.0,100.0,0,0.0,0,0.0
142,"[240, 832, 470]",32.74754811499379,98.59367232269057,3,0.2953659971762778,0,43.156637753774554
143,"[879, 24, 174]",23.527082248875782,86.7440267817375,5,0.5268900848340264,0,42.612934322030846
144,"[826, 362, 207, 326, 746]",15.845739437573599,90.86139802605287,4,0.21362889529829904,0,19.657975550193477
145,[439],22.469305893199362,98.30980983262654,3,0.2096921646265234,0,27.625921043852298
146,"[836, 897, 264]",8.540315247132483,99.20874036867768,2,0.12559318069344624,0,19.02202655991421
147,"[28, 515, 917]",27.381236075292602,98.00578658234423,4,0.2976378057234367,0,32.89721564300184
148,"[743, 608]",20.337138580922016,97.70489068731565,4,0.33873123645620656,0,34.74132680208945
149,"[139, 26, 376, 7]",16.354144614185188,88.67187121647258,5,0.40063453556813045,1,26.198654860789283
150,[984],1.5807064761066658,99.369112905055,1,0.05049624243889891,0,10.526130057767979
151,[163],26.851259903211258,99.82602912087604,5,0.3713184463106233,0,34.48394448462034
152,[246],12.713625763651613,94.70177196775796,3,0.2974463184267961,0,34.110909746720736
153,"[500, 887, 753]",23.566420958018682,79.7192516354821,4,0.3465270904175405,0,31.64574298383348
154,"[200, 486, 35]",14.083960366897982,97.34768789181129,4,0.27409090552277987,0,26.15341792989311
155,"[432, 762]",4.8915084687650605,99.14003149064223,3,0.12869440098346224,0,13.966638791122266
156,"[132, 286, 838, 333]",39.47215290291154,94.35486570402028,6,0.4429772139859087,1,34.10606480289009
157,"[151, 867, 781]",0.0,100.0,0,0.0,0,0.0
158,[493],12.90256870872664,97.53011843259551,2,0.16419003136346794,0,25.79818630413965
159,"[995, 362]",42.88180807938349,82.96000424150945,5,0.4233892633255454,0,40.62662679215024
160,"[888, 517, 23, 374, 413, 123]",8.721383548122157,99.25451404693216,3,0.20483405673142352,0,23.32815968115994
161,"[840, 427, 717]",17.389010677567832,97.08927066889927,1,0.14382364850415053,0,35.53428084068331
162,"[705, 29, 306]",15.659245938992447,97.85029098089319,3,0.15352239946153995,0,18.72159517243376
163,"[890, 8, 878]",49.818178777371216,96.83638226673925,6,0.3809908614000455,0,36.50658417451929
164,"[809, 851]",12.817005251760117,99.06657421864412,3,0.15871978568013148,1,14.827481660371152
165,"[221, 105, 699, 36, 877]",42.46723239524082,91.95697457152458,3,0.29804300498742553,0,45.48334435355701
166,[296],18.95454249329214,99.85340580755117,3,0.3323606471157826,0,42.71405980612959
167,"[890, 578, 383]",0.0,100.0,0,0.0,0,0.0
168,"[785, 398, 831, 813, 154]",33.8072658093858,84.24626667657165,8,0.865901001213594,1,47.00954970738237
169,"[355, 837, 916]",0.8826732243081665,99.93721308258463,1,0.02038847587148177,0,4.234866945247677
170,"[604, 931, 178, 556]",5.501353060700691,98.8075982926971,1,0.010172470431398803,0,2.2179918941830734
171,[316],7.7654720424158175,99.95301258866799,2,0.22977242462554057,0,34.709860302163094
172,[394],18.424716080618754,89.42273306999063,3,0.28773034381577645,0,33.68696885361581
173,"[867, 147, 822]",24.941452333116207,93.99542630760051,4,0.2843933012327381,0,29.736014659523857
174,"[577, 998, 198, 24, 389, 513, 98, 445, 300, 753]",14.664298837730753,83.00904319485326,2,0.18584712789574126,0,26.103091952264922
175,"[405, 138, 1, 9]",19.27668002463097,96.9937845436273,3,0.1839723303088168,0,23.184420600208153
176,"[830, 719, 971, 293]",11.653531729921676,93.9098578105258,2,0.22390734195016618,0,33.56044806863504
177,"[19, 859]",19.67266416723311,98.53251776382145,3,0.2105474843973247,0,26.980388268707202
178,"[925, 873]",10.435675846076755,96.31852102010455,5,0.3734330090807573,0,28.186772785955256
179,"[356, 354]",6.326739969400834,97.49025937082234,3,0.11376890700648676,0,12.377674175653343
180,"[21, 305]",9.166439400613585,99.81255883270742,1,0.00983747908577944,0,2.264012179325868
181,"[52, 726, 205, 137, 802, 887]",0.0,100.0,0,0.0,0,0.0
182,"[756, 728, 114, 306]",8.948884563346768,98.16459818118562,3,0.32037525187529126,1,32.11969025075043
183,"[875, 988, 114]",13.857556001890572,80.55882663087391,4,0.4527205050041002,0,36.84042188201254
184,"[77, 134, 230]",38.68419019997785,91.81057297856644,4,0.33856271573167124,0,39.88960102431422
185,"[72, 607]",21.482351836657564,99.5775265361583,3,0.21636728448199202,0,28.494619126038835
186,"[431, 632, 458]",45.61540762245653,58.01708192040035,4,0.2739602158989425,0,26.751288065945598
187,"[202, 372, 764]",6.66769899143787,98.71531866551166,2,0.21984276599116895,0,32.39656547972214
189,"[530, 333]",39.96758839506771,82.25761920391581,5,0.6386329613615976,0,59.27418457741623
190,"[557, 532, 666, 343, 602, 691, 93, 526]",0.0,100.0,0,0.0,0,0.0
191,"[511, 963, 445, 143]",19.09454007079925,88.07399286069841,3,0.2703197638155982,0,31.52206144422287
192,[325],78.97740357901661,97.63308295611317,5,0.7196449819816393,0,100.0
193,"[58, 947, 394]",61.24228663827721,87.97353016286694,8,0.7541536056085539,0,58.39732814442163
194,"[889, 3, 804, 796, 428]",12.122778091486627,95.62088515468852,3,0.18857753352010684,1,17.542952688414935
195,"[425, 742, 468, 117]",7.535352189946384,99.10666704134937,1,0.1672482427902805,0,37.501071583348704
197,"[247, 105, 605, 922, 25, 827]",16.16303551951103,95.3337501297464,1,0.06362243799029851,0,15.276024243423942
198,"[697, 510]",23.60594178139178,95.3078917038869,4,0.42210600097103324,0,43.972788277185536
199,[761],21.80935633104567,94.57694608730804,3,0.2353860332500401,0,29.895749004059283
200,"[992, 960]",19.216205535746212,96.74575513310447,2,0.30411141585538676,0,50.96245079754016
201,"[68, 896]",29.767924142072836,44.47431173672151,6,0.5979294272260178,0,29.536295173749533
202,"[559, 610]",13.480596321874149,98.52907591209846,4,0.34143077472704964,0,32.68464459820678
203,"[993, 510, 783]",8.663477963871781,99.00532105197662,2,0.12623104292317194,0,19.111858676267985
204,"[619, 772, 302, 985]",60.51261325486416,93.7957261342087,5,0.31558449770515523,1,33.59506631192457
205,"[47, 629, 426]",3.124896663092925,98.64966842524316,3,0.2027835691350721,0,21.414480635927983
206,"[162, 754, 467, 620]",16.976881343351657,97.85228840732195,3,0.35009891600217596,1,39.21756333448978
207,"[124, 84, 746]",17.950698043178846,98.93362928113125,3,0.22185922646321515,0,27.998138170043497
208,"[344, 659, 125]",21.961068725874412,75.40147690300357,3,0.29775177794760305,1,27.905847352382196
209,"[626, 188, 952, 153]",35.68409681388022,96.56870686713526,4,0.3631081403613763,0,43.007712196641315
210,[770],21.336148392749898,99.13528803422327,3,0.20278068386307463,0,26.572614878466357
212,"[959, 10, 123]",35.096972295445454,94.2552385964859,7,0.5918255908137017,0,42.87002936704668
213,"[254, 414, 598]",15.995601915111672,88.41693770674179,3,0.138878151172842,0,15.654152780593781
214,"[505, 403, 606, 381, 30]",15.708396296647745,73.37221481568085,4,0.45034305438855937,0,34.90080932046517
215,"[735, 388, 183, 898, 880]",16.614921255123903,31.181136432295894,3,0.358809848819056,0,19.655528612076008
216,"[975, 890, 679]",6.020048998681592,95.03440948103629,3,0.32364649892958525,0,34.25934911196951
217,"[909, 820, 214, 282, 407]",7.985666032069803,97.48642992067519,2,0.2739847063803721,0,40.573316677336656
218,"[910, 321, 768, 538, 432]",19.539241011995593,96.14870262856927,4,0.2354413196267415,0,23.64072337783025
219,"[193, 309]",15.664469241293279,98.23009125588732,3,0.22414505590554332,0,27.422856688444284
220,"[162, 754, 898]",13.55040879682018,97.30031031946805,2,0.22746059034845728,0,35.93699085902205
221,[373],8.146269715083662,99.84253256675143,1,0.15147108823808114,0,34.44587214081998
222,"[105, 734, 40, 330, 25, 967]",6.403799003406341,96.10521528304871,1,0.05987779678788288,0,12.87128135235905
223,"[674, 593]",23.847165036629935,99.11503975285676,3,0.12124441210126244,1,12.19401145265165
224,"[216, 115, 679]",0.0,100.0,0,0.0,0,0.0
225,"[740, 654, 576, 229, 458, 235]",0.0,100.0,0,0.0,0,0.0
226,[882],6.161752048425923,99.61703137762102,2,0.1860557978922571,0,27.475504357434012
227,"[434, 467, 425, 520, 114]",2.4675445518910246,98.47846119833187,2,0.20732415140723115,0,28.894510419096125
228,"[771, 301]",18.072577564824527,97.04699270260704,5,0.3549558480202624,0,29.44403881521425
229,"[514, 824, 235]",33.86913961529894,97.792011134467,5,0.44906106544228735,0,43.95559607116793
230,"[49, 971, 829]",61.1558350404705,86.00629766852212,7,0.5551615873016089,0,47.76836543609004
232,"[830, 649, 158]",22.39246127075629,95.29869487657743,2,0.12101109396981455,0,20.740845174106056
233,"[499, 706, 712, 372]",12.468123469715806,97.8295606358491,3,0.21605297002123053,0,25.398228115795142
234,"[449, 380, 392, 569]",1.0166185102765986,99.55860205619715,1,0.1486330668823729,0,30.811334127628033
235,"[654, 242, 891, 691]",16.44681473452706,96.15761863409085,3,0.24633704935242737,0,29.87748144934276
236,"[425, 742, 979, 584]",6.340760069180942,94.38339663160956,2,0.15809474242418528,0,22.264961478922224
237,"[598, 72]",17.770510858416895,98.43301441149023,2,0.23348349254178155,0,39.049902629547944
238,"[619, 532, 458, 891]",33.48115243964522,95.18125177513865,3,0.24411394454150612,0,35.05773008089765
239,"[688, 914, 683]",11.645819106788338,94.54719765419152,2,0.09600573086798658,0,14.47230354986729
240,"[489, 602, 891, 309]",44.201019138940616,95.14787483775476,4,0.24779831790088286,0,31.372930841760645
241,"[151, 163, 538, 484]",33.464643532306134,97.86577959822262,4,0.27691919841707263,1,28.312592635999746
242,"[422, 20, 933, 446, 7]",12.54405736635091,92.81189267829585,4,0.35220350517550375,0,31.699977094827833
243,"[234, 810, 253, 644, 453, 464]",3.9934167743147584,98.26338234072664,1,0.015316462684335142,0,3.2591992156771736
244,"[716, 750, 880]",18.450110654216722,87.94568602430529,3,0.22837797898590148,0,26.399572453059697
245,"[706, 527, 472]",16.77472431982327,99.29772345254291,2,0.15629734404200252,0,26.041485362023007
246,"[636, 583, 591, 28]",37.304296641969195,83.44473552598008,5,0.5621788889242106,0,51.268181640002275
247,[699],42.2423871275126,99.6415823476171,6,0.5894382281488075,0,53.956030521400486
248,"[34, 728, 584]",10.9998210457248,95.84660799799855,3,0.1715199893573252,0,19.468903711786204
249,"[774, 498, 698, 827]",32.74754801357721,75.98764627198187,3,0.28247934831760985,0,34.714941646728725
250,"[513, 72, 287]",7.242787762504755,99.83922009849839,1,0.03942900637736243,0,8.868668083619834
251,"[148, 658]",7.643975460327239,97.4960963828364,2,0.13702213452018736,0,20.20739259775928
252,[457],15.183247419568387,87.9087109277256,3,0.1911679196000141,0,21.23572019727837
253,"[95, 831, 863, 616]",3.194505483532922,98.85943469428224,2,0.3418354760711189,0,48.27328587515197
254,"[867, 777]",43.97800163911824,95.67645613339052,6,0.6222474099663593,1,52.24796842796379
255,"[267, 322]",15.156493025344764,82.01248091959776,4,0.38769635563307836,1,28.455439020477943
256,[606],31.56438067339169,97.0832683808566,4,0.24129623856120846,0,27.59285460798235
257,"[102, 517, 706, 651, 860]",12.427572311742033,98.28989212844563,3,0.3175703034801613,0,37.46466888710396
258,"[577, 626]",42.48924291674032,94.97311449097471,6,0.3763693837567026,0,33.493578816516795
259,"[505, 820, 435]",12.576134825495005,94.98639048407723,4,0.4307936280850454,0,39.55831612586063
260,"[474, 478, 638]",28.212938953543244,90.28550576921751,4,0.31991875568521,0,33.621945767189416
261,"[44, 583, 316, 416, 72, 484]",0.0,100.0,0,0.0,0,0.0
262,"[495, 560]",2.273602294341032,99.0318020169005,1,0.1045035039708772,0,21.910060665339042
263,"[230, 540, 638]",26.738654326637345,67.03987723176172,4,0.6696736856600191,0,56.50678659082157
264,"[247, 401]",9.723886801432569,98.47832068782962,2,0.2188510192880185,0,33.40068020977084
265,"[421, 400, 82, 584]",4.687699202776075,94.00787791510164,2,0.16617649111634603,0,22.816090221930857
266,"[660, 993, 292, 673, 258, 99]",11.260141891740655,93.19162904445841,2,0.24124002526734498,0,35.747797205914615
267,[726],16.483088331699598,98.89246221231747,3,0.29643145909151375,0,36.800671926146336
268,[486],16.859138489363136,98.9586972410935,3,0.21632633985046185,0,26.98209330966989
269,"[75, 283, 407, 858]",0.0,100.0,0,0.0,0,0.0
270,"[945, 240, 142]",4.345698965049504,99.66741901544317,1,0.08170488295278316,0,17.700517218402034
271,"[828, 634, 300]",4.727346019360721,93.88989349062395,1,0.08513868259855739,0,17.522966925154943
272,"[654, 367, 59, 21, 90, 219]",10.341241246387634,93.32293484119509,4,0.25982509459203224,0,22.867539661136092
273,"[218, 254, 147, 598, 173]",23.129206598604473,97.98958317220364,2,0.10335521946246809,0,18.234608002254095
274,"[624, 881, 687]",8.730237814981953,85.87494645197947,3,0.19738429046474965,0,19.76962491363242
275,"[216, 285, 759, 354]",15.655851728605482,91.31602510854044,3,0.2267216568084524,0,26.125361779234858
276,"[882, 471]",8.111474182022627,99.32946591794905,3,0.3012754895412877,0,34.083242673631574
277,[192],15.603855558721941,99.94863015199152,1,0.06714818536084245,0,16.656288095976052
279,"[735, 522, 227, 494]",1.0696451046373623,96.99374178243798,1,0.10945366790836986,1,18.020332580966727
280,"[747, 178]",7.699737212068565,97.76228832844274,2,0.09435699538160869,0,13.959338935493255
281,"[730, 248, 928, 677]",0.0,100.0,0,0.0,0,0.0
282,"[997, 797, 103, 652, 407]",3.4757767989926336,97.19205054327176,2,0.19630387396140647,0,27.37419309110628
283,"[342, 52, 217]",18.87670769412031,98.18285242171582,2,0.09001513166754446,0,15.205929789610156
284,"[163, 814, 672, 326, 746]",18.234425432598478,98.33628055074188,2,0.21249702480119606,1,31.583383465673247
285,"[870, 485, 476, 674, 469]",54.976682615132844,90.89615143341989,4,0.2604202931849916,0,35.13556680328377
286,"[976, 292, 324, 156]",9.505862838520647,98.18642946902959,1,0.12330494417565963,1,23.971923633398568
287,"[84, 72, 822, 687, 237]",18.108893973139672,92.8132162056573,4,0.33146166507958064,0,31.85429439371799
288,"[722, 207]",21.975640323214765,97.89980606408957,5,0.4038587222873491,0,35.17554362173058
289,"[807, 550]",29.290355393477046,98.55539902328582,7,0.42296392673773225,0,29.89056121729429
290,"[118, 391, 515, 917]",23.104048775272346,96.41584853568098,2,0.32710642191278944,0,56.990268208870546
291,"[108, 461, 153, 593]",15.606829670110251,83.72448582813777,3,0.16199764022284144,0,17.39313262288048
292,"[828, 377, 667]",48.45004154311427,97.3708880684248,5,0.48413650622421317,0,53.69414491484348
293,"[336, 938, 829, 16]",24.222161508029643,95.24881750270566,4,0.3641650384680944,0,38.1649793827225
294,"[595, 737]",8.264430679127653,98.99112695232124,3,0.21897379949614215,0,24.74224009423294
295,"[168, 846, 35]",15.872788430065153,97.0416152883158,4,0.3552279707863447,1,30.393848426642908
296,[752],53.38797051298318,87.39775208530425,6,0.4668214504801773,0,43.44893194230558
297,"[824, 238]",0.0,100.0,0,0.0,0,0.0
298,"[634, 198, 143, 751]",4.727346019360721,98.0602322614128,1,0.08513868259855739,0,18.25232618831715
299,"[710, 572, 965]",13.343527529453644,62.35092424439467,2,0.34665822221783266,0,38.04654801783232
300,"[132, 550, 714, 887]",3.819660205754272,87.49269011517167,2,0.16731358022218845,0,21.21419133361553
301,"[66, 790, 255, 749]",30.21733448899835,66.62412504023997,8,0.591226119209142,0,28.854830642627455
302,"[270, 632, 772, 149, 204, 193]",26.210926188482063,96.40011463232237,3,0.30948799282684897,1,37.64391086970969
303,"[422, 142]",27.544122141716574,98.71680480717778,1,0.056203082344111796,0,15.637153491160467
304,"[770, 806, 461, 696, 469]",16.714678324250265,60.42664072889275,3,0.2745709106727865,0,23.32603404195942
305,[238],27.044027488993166,98.44429229277797,5,0.42728925292225284,0,39.35282493079092
306,"[495, 854, 898]",18.23321788126011,98.03351269940669,5,0.41822402100719014,0,35.03606340345877
307,"[52, 426, 428, 676, 650]",0.0,100.0,0,0.0,0,0.0
308,"[803, 916, 876]",1.0386036048594094,99.9419739943515,1,0.11914054785625364,0,24.79859471831982
309,"[229, 891]",22.89031822691829,99.28637730785546,4,0.26460933236811573,0,28.223173085116734
310,"[615, 533, 3, 301]",5.65749594066164,99.16645972970086,2,0.15990145665815067,0,23.367306674222373
311,"[896, 678, 863]",8.439353290278461,97.34420031284486,2,0.2700833987367151,0,40.16672162999404
312,"[434, 744, 421, 465, 767, 894]",3.867640608104246,98.10622775816425,1,0.08136353263065281,0,17.25909902641918
313,"[179, 986, 982, 2, 73]",16.693701345316303,83.08564255678367,3,0.18440821078779993,0,19.95275813486966
314,[680],39.33932599080403,91.24899327527406,4,0.3294443551381078,0,38.89971210368441
315,"[568, 479, 327]",32.313537350272455,88.23645878642029,4,0.3061477712360106,0,33.03460329523442
316,"[972, 687]",26.787221877365965,95.21812810634684,5,0.5795340005073276,0,51.95827800241206
317,"[212, 405, 187, 610]",5.02535728768607,94.04235982576917,3,0.0811579677141576,0,8.397665712682311
318,[998],10.725059268820681,99.70799852790257,2,0.13120462244647393,0,20.48503644416208
319,"[740, 625, 343]",1.8685688144514518,97.27509089044871,1,0.06577319007834728,0,13.479598417517721
320,"[604, 263, 340, 192, 840, 731, 211]",44.08190687477529,92.53171635505869,6,0.6486058003088782,0,57.59923901049677
321,"[477, 762]",16.375331340883953,96.77121991576144,2,0.21996050569696493,0,35.727256809064905
322,"[496, 487, 431, 771, 33, 726, 54, 572, 463, 652, 122, 676, 255]",17.782856554194925,67.7186403945537,2,0.23450495709702043,1,25.25379087453681
323,[618],13.034131491463755,96.98849184882167,4,0.3131252788660171,0,29.425466707965057
324,"[132, 271, 663, 389, 298]",23.48876675863889,86.88539181783305,5,0.5751768104625837,1,42.44533766688848
325,"[931, 104]",100.0,94.26655117346685,3,0.22353193269191554,0,52.254639558850855
326,"[284, 669]",22.787920729650732,94.94190788919683,4,0.2534069689441999,1,21.98689429124346
327,"[47, 909]",39.93197226505663,98.027810613454,4,0.23841239145476675,1,25.525312037986655
328,"[988, 56]",7.4558619540037085,98.70977594291756,2,0.14800453854330098,0,22.02218692695096
329,"[51, 288, 290, 513, 515, 432]",25.169925346531286,91.94630201571145,4,0.2541577149308272,0,26.210283544759108
330,"[373, 439, 922]",14.44806577066085,97.69750867646967,4,0.4408219923435608,0,42.36524996832039
331,"[213, 118, 777, 44, 144, 386, 370, 159]",20.081412757543216,87.76764588852166,2,0.21059062553824065,0,33.03383923708713
332,"[212, 853, 713, 289]",29.35372949090338,82.01493699915362,5,0.2928876561226975,0,24.297304651274988
333,"[976, 292, 188, 107]",61.814722016286524,81.09526832039671,6,0.5178840671184247,0,49.70099396203993
334,[108],15.0072933911599,98.73915561296864,2,0.13552033088502977,0,22.038699262609285
335,"[212, 102, 12, 651, 713, 642]",18.36249394184726,94.77037938552054,4,0.3776640333001022,0,37.00673236128862
336,[134],22.454841001428314,95.12542345467287,3,0.16167081449576182,0,20.767364904800313
337,"[633, 558, 392, 737, 883]",9.085418015540151,94.04548571281148,1,0.03420463019631381,1,3.3506963179427154
338,"[779, 192, 382, 89, 638, 556]",28.86568513571036,83.16296821626433,2,0.06898100054993357,1,7.383593145667763
339,"[342, 304, 461, 115, 621, 408]",2.286473064994419,92.37458667048281,2,0.16748289786343556,1,17.778104608675513
340,"[570, 938, 540]",19.75330126625854,97.14367621664913,4,0.44211671471865877,0,44.8581905528331
341,"[836, 621, 920, 36]",6.152843128866618,98.82417238493694,1,0.09163036850528378,0,20.1455874257966
342,"[710, 479]",12.333660016985679,95.07031392440524,4,0.38252189924263796,0,35.05044857286363
343,"[907, 935]",4.416728725779453,93.44683794932041,3,0.13686572806281086,0,13.964127116581903
344,[593],17.32668367932318,97.69622787886759,3,0.1560259370483947,0,19.35849047580619
345,"[888, 610]",10.47320988970865,99.81706966899786,2,0.2338922132110116,1,32.33666828059783
346,[52],9.874153537903155,99.19354379904566,4,0.3022820867794801,0,27.907685895757858
347,"[552, 918, 468, 760]",16.76541343970998,98.88922219493003,4,0.2975803031738074,0,29.645888523875698
348,[463],0.0,100.0,0,0.0,0,0.0
349,[127],11.329755680312498,11.5157275277021,2,0.10587338829984388,0,3.8599403227050337
350,"[614, 445]",12.684379595894077,97.45231566857984,2,0.1989975488019673,0,31.166796626381284
351,"[395, 155]",5.329026914775126,98.4928554009194,1,0.08066215153713083,0,17.497244487522792
352,"[429, 168, 825, 757]",9.734197717042466,96.613831477784,2,0.015774797797759556,0,2.3675417984343294
353,"[121, 701, 918]",19.997327820058217,87.93070142026892,4,0.4089689199110208,0,38.50832941183508
354,"[974, 811, 73, 454]",24.22708086375772,92.29504210047286,4,0.3129161706405282,0,32.036249827954535
355,"[38, 958, 406, 410, 415, 679, 837]",8.355717538536434,91.15777560799383,2,0.17855222761274053,0,25.014251232250732
356,"[573, 803, 125, 905]",22.71871988601492,94.50648125372314,4,0.31067575535184067,0,31.858006485763823
357,"[806, 275]",14.294426915211275,98.05668551383646,2,0.12956813446967969,0,20.780984953992334
358,"[956, 982, 125]",7.587247160011892,74.84674552529907,2,0.1059075188192253,0,12.322788613770102
359,"[866, 522, 494, 314]",61.01680622896655,94.23738726363953,5,0.49503102751749395,0,59.51986328569245
360,[405],14.759651349012188,99.71542975449898,2,0.17057158780961498,0,27.88975421359611
361,"[921, 896, 398, 133, 865, 295, 813, 141, 501]",3.5627497882284644,96.95567263920447,3,0.3428097731758135,0,35.810718875572476
362,[996],23.868305148859598,96.75721351321968,2,0.30654520604892976,0,53.97907097627591
363,[461],1.1385466735301206,99.96984334345925,1,0.03702926784451101,0,7.719739700118226
364,[111],32.55830531607339,97.29967786149682,5,0.5637126334235051,0,54.31340592607772
365,"[498, 588, 895]",0.0,100.0,0,0.0,0,0.0
366,"[68, 933, 682, 219, 91]",18.53255791048336,98.22329798942026,4,0.3961751288235112,0,40.0184484219047
367,"[654, 242, 733, 628, 891]",2.3823459994914753,99.56234317141536,2,0.23745118450199726,0,33.408796472628865
368,[192],34.36595869311962,99.52313270144045,7,0.5690073430435378,0,42.4716816902666
369,"[872, 818, 421]",13.921325750009844,81.33167833888669,4,0.36295176898619713,0,29.79127878081841
370,"[284, 995, 477, 781, 432]",34.72452496061815,90.22156296136184,3,0.2527146536312418,1,31.327449454319932
371,"[693, 699, 954, 724]",15.851187116598258,85.57020280478814,3,0.30987582242672046,0,33.961447522642814
372,"[807, 245, 472, 481]",55.71355549621863,93.90590788434314,5,0.48582552654761524,1,51.84211961835161
374,"[800, 671, 9]",21.600131961767836,91.65120708103898,5,0.4014972218883976,0,33.11435668847766
375,"[295, 97]",15.100606161720533,97.60895742292897,5,0.4380496715950231,0,35.316756266217396
376,"[935, 142]",34.97119293906883,97.27144420605285,4,0.3702118892279174,0,43.77372323832637
377,"[318, 129, 106, 506]",32.92944166462756,93.63912126646474,4,0.3176420995050821,0,35.89932111568225
378,"[20, 601, 733]",0.0,100.0,0,0.0,0,0.0
379,"[557, 258, 838]",9.918965428376268,64.7850546770847,3,0.21978082263600413,0,17.60983237301245
380,"[168, 361, 311, 85]",5.329965575271246,97.07929924591183,2,0.07501532123650563,0,10.70313460046288
381,"[773, 430, 889, 152, 857, 950, 301, 259]",10.82236199099518,86.91198080028411,3,0.21165767887287681,0,22.031084447409217
382,[230],4.737400589735431,99.82905076426853,1,0.16699712197922312,0,36.412807287739945
383,[600],37.787685996345544,54.11922721050292,4,0.4617937484289108,0,39.65329168521608
384,"[342, 346, 256]",10.25053911023934,97.86764315888254,2,0.1884237661229261,0,28.7805404974502
385,"[817, 363, 223, 410]",2.286473064994419,98.55457512100494,2,0.16748289786343556,0,23.303967213971546
386,"[151, 538]",2.5684370443228888,99.55105463279055,1,0.03406485228598615,0,7.205833788397932
387,"[763, 820, 256, 30]",45.99310142343215,84.19498127805375,5,0.3895777794876688,0,38.81827336736509
388,[114],13.014121752148572,94.99703786056185,5,0.4758203178327321,0,36.6045400982229
389,"[882, 506, 887]",8.250953744390365,97.6722280240946,3,0.34793769139836545,0,38.836347343763194
390,"[873, 417]",16.81075932734415,94.72545228917514,3,0.21938893401631546,0,26.395654487715255
391,[273],17.705135218706744,98.88994062345552,4,0.17500982068343554,0,17.615312515751857
392,"[398, 855]",8.670337146274742,97.6519741450444,4,0.2822211074281711,0,25.3258931259934
393,"[888, 713, 443, 642]",4.1426856460299035,96.14989037982569,1,0.06450722583373693,0,13.472843279366053
394,"[186, 536, 26, 725]",66.73982992023869,69.66377232128444,4,0.40317530423078823,0,52.557876811728505
395,"[288, 432]",17.087027307841247,98.56276947283827,3,0.10738801883477483,0,13.384207268836986
396,[413],25.303551284287312,99.41542584206702,2,0.10982215102240905,0,20.02601310363848
397,"[223, 357, 847, 593]",52.35237896227627,95.87953629093883,4,0.32266995389970093,1,39.819343676700285
398,"[681, 647, 686, 402, 141, 833, 375, 35]",33.540344770050176,73.57332909186647,6,0.626704167475531,0,43.51106584007024
399,[957],9.418640532687437,89.89001836459252,2,0.2623821824425658,0,36.812107308545094
400,[979],26.868392719764138,98.98424018885751,3,0.16356839595451567,0,22.648047488700428
401,"[210, 512]",21.404801597642113,95.32172644229479,4,0.289380807221546,0,29.45161796137616
402,"[596, 863, 85]",20.42002451100303,85.67157469416745,5,0.28081144505220235,0,21.708213984180613
403,"[431, 301]",8.214903913627529,98.86407787548887,3,0.2743050289312591,0,30.939814864318016
404,"[769, 452, 848, 189]",5.189330225704802,97.87764949492345,2,0.38590562814311624,0,55.383568651382
405,"[586, 955, 859, 869]",34.989917079570624,93.4000433546308,5,0.45130244528501134,0,43.27956777000008
406,[727],14.473084292115411,98.51309165869377,3,0.33204161572540103,0,40.178146819214476
407,"[580, 310, 4, 194]",16.999659092770663,92.40834991148331,7,0.40226802315778654,0,23.77267714323123
408,"[727, 38, 736]",12.532766955639174,93.63395833531885,3,0.22545432906202925,0,25.55181679405087
409,"[888, 539, 123, 544, 764, 642]",16.65145667174056,97.48758146919913,2,0.14673605685329977,0,24.051655000759517
410,"[274, 795, 568]",4.165003141095734,97.99109839511979,3,0.3092854955482465,0,32.892703178677145
411,[212],9.134213308601629,99.97603058611196,2,0.149088312487077,0,22.898875207028443
412,"[539, 443]",3.5707262152090347,99.00341267737592,1,0.054411923701761934,0,11.598067221059406
413,"[948, 712, 970]",41.392949120519,94.52614935241964,4,0.1751311591109825,0,21.54453081876868
414,"[151, 867, 474, 578, 672, 72, 983]",21.431090546427516,82.34076863633086,4,0.3833117144894589,0,34.93395735121024
415,"[688, 344, 956, 986, 53]",24.069833600719388,86.2505657323194,4,0.45075486288058075,0,43.83174020358556
416,[640],2.4497358720023175,99.98791089673384,2,0.279726087380288,0,39.5542164997848
417,[64],24.32208200839142,98.52655514592848,3,0.288544735167498,0,38.81072847576566
418,"[535, 317]",0.0,100.0,0,0.0,0,0.0
419,[254],14.015031069209323,99.82883023770975,1,0.03805216089843223,0,9.2639853501277
420,"[77, 490, 230]",21.173737104142983,94.6231346963178,3,0.18423930730269603,0,23.248107832603324
421,"[112, 483, 574]",7.693842352499742,84.91738298624574,3,0.24588663823529278,0,24.036702666201236
422,"[186, 240, 136]",74.01142866024149,82.91590368707108,8,0.6523573487814951,0,54.078780594625364
423,"[31, 709]",15.992713665690575,99.19927741482468,2,0.3319293891740713,0,54.7857039855188
424,[64],11.536036675530992,98.47034357184346,2,0.17273876910653715,0,26.932794746273853
425,"[121, 524]",25.606151164907228,98.06866220002237,7,0.7545300745882135,0,51.23004741179697
426,"[676, 407, 802]",2.2689705856886087,99.64847862637222,2,0.2394319592207024,0,33.66616303794976
427,"[747, 638]",9.180767086921282,97.77923601884667,2,0.3110307660047777,0,46.86277421866019
428,"[430, 152, 629, 381, 650, 497, 648]",29.635296985664645,72.10210996533579,6,0.5184571311433045,0,33.96361262670484
429,"[801, 566]",9.433293908138976,96.68220397355786,2,0.22375618956806195,0,33.480193158525594
430,"[804, 46]",58.59952021209895,94.14380470292504,8,0.635859458977757,0,50.005514470666675
431,"[964, 858]",20.87963012307532,62.92999466040488,3,0.21853914342045128,0,20.374287621453675
432,"[995, 598]",69.49000021221273,92.81265123651158,8,0.8260868262369125,0,69.9392054770168
433,"[609, 51, 246, 599, 241]",4.816981380348802,98.83606023187832,2,0.13219738808533196,0,19.056049297537655
434,"[866, 121, 973, 760]",7.89119958176969,96.89135360176881,3,0.3546797100135442,0,39.12967558094679
435,"[533, 977, 381]",8.30342894310646,96.30242431700381,3,0.21139231006975492,0,23.31310927761595
436,"[508, 13, 525]",6.131175873782496,87.67245291610809,1,0.10714438815656865,0,21.095644550470713
437,"[689, 692, 445]",14.194443591600466,99.62057952986962,1,0.13094889404333332,0,31.888480731569558
438,"[805, 486, 861]",15.205624029031979,97.80182301800942,3,0.2539503997978665,0,30.79808664778657
439,"[210, 460, 423, 165, 877, 364]",61.34512119209199,84.71292644091903,6,0.6843745829138911,0,66.88058388673082
440,[614],8.194124294349466,98.88733248436296,2,0.20995913023774135,0,31.57474396711357
441,"[521, 805]",2.8007767709296503,98.0987997657941,1,0.16140787283442334,0,33.764258285633424
442,[544],28.010731087198376,99.68849828394032,4,0.35863461761847515,0,40.38225409647889
443,"[586, 349, 611, 553, 902, 37, 456]",31.797056838872813,25.283744987887037,6,0.6177867221319604,0,24.539910086749675
444,[868],3.86655802220909,99.99075430967206,1,0.07978003164606295,0,17.231809435308474
445,"[24, 991, 333]",42.58000492354025,95.01018458938745,9,0.9865134841794393,0,61.517814220038574
446,"[149, 823, 309]",2.756443676234936,98.70564365825517,1,0.0641323820973882,0,13.487751754334896
447,[883],10.706151996017491,93.2290647704545,2,0.12207969850726987,0,17.97296746518755
448,"[539, 851]",14.725239788104409,97.56963312546154,2,0.1414144877364291,0,22.697899876400808
449,"[921, 398, 133]",21.09562724292466,92.0177582715172,5,0.4303585347999943,0,35.40454792305222
450,[905],10.034738036001471,99.70150036948326,3,0.23394863525656756,1,23.063743815808532
452,"[934, 500]",12.222761905288948,99.19220541750431,3,0.4632039064281949,0,54.944839912060836
453,[855],6.697438571647257,99.19046361748798,3,0.2529837116478807,0,28.09398694513917
454,"[179, 450, 285, 410, 476]",6.079796643581489,97.94064068140146,1,0.03163361448615891,0,6.891132408327594
455,"[346, 796, 92]",0.0,100.0,0,0.0,0,0.0
456,[19],11.48713025991544,99.49011599654109,3,0.14193204137692061,0,16.736297097833386
457,"[952, 967, 899]",18.981985212003295,84.69914385892255,2,0.09930828929975766,0,14.961101123928035
458,"[31, 229]",33.622086785403695,83.5327879445279,5,0.42707606046552066,0,37.53742624350052
459,"[907, 725, 470]",26.881587327751237,83.5598280156187,3,0.14408536864513288,0,17.670324591526352
460,"[922, 941]",9.621987626098864,96.86522785451898,1,0.12291898072885642,0,27.69792416160529
461,[870],28.212592251532833,94.99075648666708,6,0.4439147127203963,0,34.54959613740415
462,"[853, 448, 289]",7.670506663115893,97.12254106024865,1,0.08252833488725546,0,18.199015754173207
463,"[104, 87, 159]",53.387567009928176,75.9175353581293,6,0.48057604250191305,0,41.49089615658209
464,"[896, 402]",6.82126405898987,98.75882565327777,2,0.20553376849457916,0,30.357835104824222
465,"[886, 314]",16.820466669725626,98.32261403597505,3,0.279213863596939,0,34.62876590011543
466,"[517, 523]",29.179342110971508,99.14219186601002,4,0.2578662272862075,0,29.250127245645444
467,"[206, 244]",11.984465607009074,97.13352980034395,3,0.2148539167927982,1,20.852960675602862
468,"[465, 579, 880]",24.0081348659692,98.01358820482137,3,0.1400030850828266,0,18.69716781578742
469,[38],44.659230153880664,95.27801106487816,5,0.2889594890339164,1,26.52506925593687
470,"[514, 655, 71, 272, 235]",25.262456828442534,83.32456471856598,3,0.24070846316896835,0,28.928077352049463
471,[667],33.26506781975717,98.14366195744364,4,0.411535588831788,0,48.18552704162088
472,"[553, 88, 123]",51.1721716637511,97.79387667116679,4,0.36899278172493927,0,50.33736857917159
473,"[212, 411]",6.531290798938696,99.85195266722457,1,0.03513020165795817,0,7.834207690453796
475,"[106, 191, 445, 452, 887]",41.70411750754443,86.02551812911766,4,0.447260059665591,0,52.05011541546736
476,"[765, 397]",25.10855316741415,87.69925655041993,5,0.39833879249221277,0,33.051864173664576
477,"[414, 383]",20.242309951254082,87.78108989130781,3,0.2748992554205508,0,32.405472367372546
478,[87],18.44000100959204,97.38855678295111,2,0.10658498495902011,0,17.804084137984784
479,"[387, 52, 33, 75]",29.193040845583763,94.23958051425224,3,0.16198398410811707,0,22.15495968559194
480,"[482, 101, 276]",11.366632397130719,93.36008551613787,2,0.15808385970465463,0,23.49263174483504
481,"[793, 396, 175]",19.03117427683185,94.84023126094914,2,0.26295799706148854,0,43.29098796139456
482,"[660, 689, 404, 692, 445, 45]",18.431441574924595,92.2814887210542,3,0.17366442982366453,0,20.84384824723217
483,[425],7.292429391228517,99.87753562396476,3,0.17007344932507956,0,19.145353528276473
484,[241],12.189633467506763,99.87049872544395,3,0.30209133468615834,1,31.922157854356676
485,[974],10.404095549416173,99.94264860726182,1,0.002722321514333854,0,0.636474934450994
486,[558],30.04860191439153,97.812998240089,5,0.3712171570628149,0,35.04647758909345
487,"[629, 214]",3.8976098227054625,99.12981248749978,2,0.13067368216987682,0,18.6696111263417
488,"[443, 535, 472, 175]",38.894274253618896,76.36894276145065,4,0.26261337362222226,0,27.66959841228958
489,"[571, 503]",23.357656447455184,87.75139542078222,3,0.1863928707051168,0,22.76176343932359
490,"[340, 89, 16, 260, 874, 178]",7.170133891090172,97.551679792901,1,0.14367180019982373,0,31.61202590685575
491,"[994, 693, 709]",10.58635436570607,99.80566823908693,2,0.09893502445993728,0,15.434945570612534
492,"[992, 253, 375]",4.476828607783279,98.99924325860512,1,0.021641204167129096,0,4.666411422255356
493,"[100, 474, 926, 427, 931, 873, 556]",21.718416787716382,94.5155823678268,2,0.2672894654648836,0,45.19677879154954
494,"[744, 206, 244]",19.29669819568323,94.81459017467516,3,0.3716686335078436,0,46.016441378756255
495,"[328, 425, 522, 494, 798]",19.688770650726,97.55140841281938,5,0.5842836972920245,1,45.42261656377414
496,[841],17.636683297592484,99.94078074059284,4,0.3016458933872645,0,30.599484689534165
497,"[533, 572, 479]",36.709090834104664,87.55359996656607,8,0.5531426177339511,0,34.466524394332204
498,"[109, 538, 555]",8.82700474714123,81.33890897900656,2,0.10358003397914795,0,13.20736527956358
499,[553],9.249774936941511,99.96915652271258,2,0.20468037130788413,0,31.478672070492518
500,"[203, 753]",14.651627244211172,98.16057110740772,2,0.1831716633208151,0,29.523799569301787
501,"[865, 846]",11.56406407072483,95.55467708512295,3,0.29684106780665387,0,33.83422534304013
502,"[963, 884, 266, 107]",20.48282059895195,94.8884086013487,3,0.3733564554863459,0,46.86018298298454
503,"[631, 682, 28]",21.66615940037702,75.19736743277859,2,0.13738164787754958,0,19.58264136733641
504,"[120, 670, 863, 732]",2.3936649803114047,99.20245898760247,1,0.06381959324316815,0,13.423687538865424
505,"[707, 256]",29.4203347879787,95.14724795633397,6,0.38692526513749276,0,30.515374077467026
506,[189],24.80455861063503,84.04296467271544,7,0.776706687576656,0,46.714902689878805
507,"[658, 31, 605, 584]",6.376560789163335,98.47315061437638,1,0.08753790328080169,0,19.23634765589702
508,"[994, 897, 165]",27.577658419802905,86.77342357608147,6,0.4188987576005209,0,30.374185731378393
509,"[641, 605, 546, 13, 519]",8.596203922483204,91.80141452348033,3,0.2645538082520279,1,23.950588365695925
510,"[482, 714, 15, 45]",48.32957641623803,83.4158594038814,6,0.42702581473580686,0,37.05665449136549
511,"[437, 198]",28.768722003972535,97.06828825488735,6,0.5396038418588258,0,42.88981324135205
512,"[508, 664, 658]",14.154444503382459,95.64258899254679,2,0.07276529540849154,0,11.411410955387943
513,"[163, 316, 538]",14.08815037489963,90.59189126996523,4,0.5199937533791378,0,46.733010691991325
514,[394],25.667907005912287,94.51154948264954,4,0.340758785477387,0,36.04527700507973
515,"[752, 144, 640, 477, 8, 166]",29.87815211296234,89.51151604876691,6,0.5209695285752245,0,39.55038999324378
516,"[198, 350, 209, 17]",24.579535428193523,96.72214878909561,2,0.1667441076405586,0,29.570251474682085
517,[959],28.38954021457247,98.646546010469,6,0.27436002794887715,0,21.979932414491124
518,"[148, 693, 548, 109, 252, 904]",29.3669406960366,85.73018296156057,6,0.47692898686151597,0,34.95771465835562
519,"[148, 509, 630]",5.319268439636019,99.34507518340152,2,0.1121997514585738,1,12.24613271889655
520,"[182, 359, 306, 979]",9.719486950979263,98.87838912827452,4,0.4480745931230624,0,41.17577657536156
521,"[168, 732, 201]",27.960415645382707,74.79646768939541,6,0.5879568919464266,0,38.67561827026964
522,"[347, 495, 898]",19.29669819568323,98.92893305130028,3,0.3716686335078436,1,43.478651120407896
523,"[360, 701, 944, 544]",29.091485178770753,98.8065602310431,3,0.18555378366091207,0,26.223241035327362
524,"[949, 353]",24.863743394511204,97.59387564267936,3,0.25173699130652655,0,33.80548295762305
525,"[373, 548, 973]",12.228496298677495,64.46052540697357,3,0.3181767857219035,0,26.39404421375031
526,"[302, 59, 366]",30.88079224305528,93.6623672491927,4,0.256611078873463,0,28.430659487953594
527,"[257, 488, 550, 442, 411]",24.75323344356457,95.22563095150329,4,0.3007241015781679,0,31.685525598544885
528,"[842, 2, 674]",15.675494844470734,95.14717012292543,2,0.19789555006589768,0,31.45031754970896
529,"[340, 320]",4.057385224313959,99.8857087931811,1,0.2096352369403869,0,45.34376381829206
530,"[156, 333, 99]",19.23925619312163,95.28538049420679,1,0.08861850384835258,0,22.01554491843623
531,[502],6.02712667126445,98.76104559613387,1,0.094527303622378,0,20.7376928124267
532,[193],23.023917027389626,98.82110058551451,5,0.4601956245415751,0,40.81315385964174
533,"[763, 892, 796, 749]",36.027037724674415,94.55762481763895,7,0.4284239273228302,0,31.373085329732714
534,"[420, 729]",27.947959441964525,97.6163348282726,2,0.20371784446505556,0,37.62959257173847
535,"[11, 611, 233, 642]",16.9125984164407,95.41017565960635,3,0.20316819435049135,0,24.615284549611342
536,[204],47.23550707918242,95.06398889319885,4,0.3143775587055652,0,40.82579122332155
537,"[911, 134, 923]",18.810113994663364,87.19535112184235,3,0.36068353531033354,0,41.59341445979182
538,"[752, 826, 972, 391, 287]",23.096480002419124,72.88285161104903,5,0.41617179427683987,0,29.544857774252378
539,"[135, 859, 559, 456, 88, 643]",16.257074116905926,97.80950321478565,4,0.24204260809027095,0,23.76351242611333
540,[325],16.580754421965434,97.78477199169485,3,0.12254291331522547,0,15.090139766846766
541,"[705, 545, 775]",13.257365751767866,99.30369077232986,4,0.43752407384685066,0,42.054983470413234
542,"[749, 315]",13.335697501414929,93.80024797188332,1,0.11181873668726441,0,25.630009370475033
543,[841],5.780112743558984,99.85697230361238,3,0.22772562567210763,0,25.15887649788087
544,"[888, 472]",47.93893410668629,96.99577705309936,6,0.5245746622530664,0,49.54242927445443
545,"[199, 468]",35.56240099787652,97.94053021507666,4,0.27494274726618073,0,32.8383740721993
546,"[978, 698, 724]",2.0470717294812477,95.21757176823144,1,0.05290187241677693,0,10.644013760004517
547,"[626, 516]",6.040107696058124,99.7602485846447,1,0.029876431184058007,0,6.616769617674065
548,"[373, 70, 877]",9.324441607206557,95.20834957326582,2,0.15189308873085133,0,22.390689695537855
549,"[595, 883, 825, 969]",0.6239347300675054,99.68779510622417,1,0.07141779502635352,0,14.746905520136341
550,[488],22.733822937631707,85.57888757291427,4,0.27903463736786605,0,26.57111347377198
551,"[475, 209]",29.97162087240954,87.1505623552074,3,0.17081902078262345,0,22.301727138938066
552,"[754, 541, 119, 183, 359, 495]",16.673267604385952,97.0827179836635,4,0.327610453834047,0,32.11821854565087
553,"[611, 128, 442]",52.24187439040522,97.21975067762658,7,0.45298930971377327,1,34.71235211116286
554,"[873, 417]",2.0218651625286825,99.25256962394839,2,0.24916046178886747,0,34.78655973067661
555,"[978, 518, 954, 25]",20.167885912583518,98.12395254612889,4,0.3971542835648075,0,40.79648610772565
556,"[368, 77, 280]",11.872003868439645,94.87602427416913,4,0.6173177608331136,0,56.15399572058184
557,"[576, 628]",12.000760942049519,68.86589103612498,4,0.26579848342275814,0,18.535064387632296
558,"[95, 566, 711, 35]",31.74650877255159,97.32102638562331,2,0.05127267459283552,0,9.805685886422788
559,"[818, 784, 278, 289, 175]",15.985046118437841,98.84356278805308,3,0.2322337919203692,0,28.660752103373138
560,[314],10.404786944292045,99.25481536624523,3,0.3502925112843878,0,40.70180679133206
561,"[551, 751]",4.606346124042194,84.4550505475586,1,0.05339177543499469,0,9.936436922182942
562,"[603, 653, 644, 453, 154]",18.586838359931434,87.63115472637779,3,0.33247647666063534,0,38.38778452208244
564,"[907, 926, 911, 537, 184]",0.0,100.0,0,0.0,0,0.0
565,"[368, 390, 170]",15.603855558721941,97.17185397648356,1,0.06714818536084245,0,16.27327079048113
566,[969],13.290823770087112,98.85915932335959,2,0.19642798345414977,0,31.36031033089189
567,[156],10.131120841918126,99.85408762597028,2,0.3056990002959713,0,47.458548723281595
568,"[799, 727]",21.374881425207384,88.25622993103381,4,0.143465109737436,0,13.76350366581746
569,"[120, 787, 903]",10.605380594817907,96.50350581791804,3,0.13366904809242583,0,15.19049833236731
570,"[368, 931, 293, 16, 424]",14.532823405217488,95.07986402734117,4,0.4375248819397581,0,41.14794998013518
571,"[532, 661, 935, 823, 272]",16.697749337397294,98.13826283564428,2,0.10511384637460332,1,13.22346237965036
572,"[127, 304, 802]",18.11712276443015,62.1722745264272,3,0.160511406853886,0,14.232232547805436
574,"[730, 704, 767, 778]",6.911461566359604,96.83620466789127,3,0.18754830070353343,0,20.428813368330232
575,"[550, 128, 374, 317, 527, 745, 289]",11.864532953485915,93.27285731597918,2,0.12560145888826138,0,18.764651546928405
576,"[907, 945, 824]",7.478587673310445,85.29860665000126,3,0.33271733979571544,0,32.557054422293305
577,"[132, 547, 551, 191, 769]",30.781517234532323,93.88138183294359,4,0.3825158697363764,0,42.40723753741741
578,[826],13.223602285447097,90.04001709354458,4,0.3844236867380827,0,34.01058346698368
579,"[18, 767, 74, 880]",18.847749087901153,84.69678342229042,4,0.23569099261126228,1,17.16102239807069
580,[283],17.49116343873092,98.20591067247821,4,0.18514017630107815,0,18.48750624695399
581,"[496, 841, 322, 315]",40.33990620943168,78.77670713044935,4,0.26350400224098947,0,28.702094348131602
582,[984],19.823465069546295,91.37066998734329,3,0.23271364533066985,0,28.157079011413266
583,"[185, 28, 173]",13.43238802862684,98.58313394204868,3,0.29598700565784514,0,35.414870946824585
584,[827],9.931185311374762,91.42553466955792,4,0.26859660288372794,0,23.10010758164827
585,[125],15.675494844470734,98.21579469415776,2,0.19789555006589768,0,32.28195065544066
586,"[888, 138, 257, 202]",17.347056980877266,95.41159436482079,3,0.18062217451430698,0,21.991401746109624
587,"[330, 922, 827]",19.395242201607612,90.49649775596791,4,0.3002595401094184,0,28.707270014353682
588,"[31, 699, 709, 145]",0.83191297342334,99.91333152521476,1,0.08832076003349401,0,18.3283918384631
589,"[387, 909, 3]",6.347268130427238,99.04524189131197,4,0.23662395563307034,0,20.902768010601182
590,[744],8.424940109952653,98.9964229626905,3,0.2929215164346117,0,33.16370569101555
591,"[41, 118, 0, 166]",36.355916979293006,86.53945818585795,5,0.33300901974120933,0,30.786252948228466
592,"[57, 53, 936]",2.1288894616983725,99.8579601004949,1,0.05711103310547894,0,12.048106933240815
593,"[834, 313, 223, 837, 53]",54.38132515639094,65.0931815108681,6,0.4185634359439738,1,29.69496642805727
594,"[590, 520, 388, 369, 854, 74]",5.229972938781666,97.90882080197157,2,0.07351378305384816,0,10.558985757260965
595,"[521, 678]",18.385238804223064,98.41481187716947,4,0.24419327053400006,0,24.66546902711449
596,"[990, 678, 757, 635, 989]",10.567134916925024,91.65916757103413,3,0.13661809269040795,1,10.730314503223568
597,"[600, 6, 645, 540, 16, 178]",3.795558719867674,94.57392008778926,1,0.14010739453421397,0,28.67574855998692
598,"[826, 768, 28]",52.000226640105375,87.01599475955894,4,0.47908884338984276,0,61.54831234217514
599,"[118, 583]",6.122280058779661,99.7795521203103,2,0.12116967436294414,1,13.803375943324856
600,"[263, 864, 873, 113]",46.87847703288064,48.71622858262619,4,0.31911870404699916,0,29.163642075527104
601,"[532, 655, 131]",16.040870391388808,97.2652742006164,4,0.23409695206886894,0,22.823281488166952
602,[376],16.823341716945098,99.25710146269878,4,0.2588378357916001,0,25.880910133188063
604,"[864, 260]",23.372890796341135,97.3043339396728,3,0.3220869037354453,0,42.49931323597926
605,"[774, 341, 36]",17.727695107536533,97.76762411245703,5,0.4396993748379747,0,36.55213944618142
606,"[47, 710, 428, 581, 648]",36.553040365783026,91.23268540035728,3,0.15860289327861868,0,22.801296354285103
607,"[84, 159]",26.328906170155463,99.38248924283452,3,0.3033063640298699,0,41.89645978602223
608,"[664, 845, 946, 364]",35.56044580654546,90.40476124711702,6,0.42744613895135064,0,34.57520073064605
609,"[414, 171, 173, 843, 607]",1.3653409305646917,99.71383107960423,1,0.09051626540588836,0,18.879156494887457
610,"[345, 793]",15.021443445445842,95.78812738806528,3,0.31324623002968843,1,33.15395491730424
611,"[784, 955, 651, 374, 409]",25.35555760617678,96.81128322289273,3,0.20410378858297848,0,27.382282527727902
612,"[41, 867, 433, 296, 287]",13.497155443608362,98.5732997238411,2,0.25349529519378744,1,36.3591389254047
613,"[285, 847]",7.579303386562697,99.31293308377504,2,0.1534681042125915,0,22.996489592669878
614,"[660, 844, 934, 567]",18.83602776673125,95.87313460307824,3,0.3307580443637936,0,41.10222938163013
615,[763],6.675654718251867,99.97265648642568,2,0.2604068575791412,0,38.826362179427676
616,"[95, 201, 464]",16.536727040537382,90.38098695413274,4,0.2230161600045707,0,20.602579973820227
617,"[709, 608]",4.3166052031016084,98.51000824238791,1,0.11939060888938477,0,25.571368062951404
618,"[786, 423, 827]",18.455561819727322,94.8227788246694,2,0.32511033500887615,0,53.17370208947271
619,"[906, 110]",22.382949701276136,97.41804137329183,2,0.19939106262409087,0,34.7501214628204
620,"[162, 400]",11.209707599238556,99.69249971417608,2,0.17057231624700597,0,26.778859203963723
621,"[836, 83, 904, 86, 249]",9.411378021856853,90.40890570115764,4,0.29693363406112383,0,25.12003465504671
622,"[81, 865, 375]",2.872390162665496,99.51906272795455,1,0.08376777814357728,0,17.783865492975995
623,[697],27.645444840166874,98.45946348000663,2,0.17694929104402832,0,32.79162813198463
624,"[313, 357, 679, 476]",5.582025942460214,98.09564817262095,2,0.1641112949524904,0,23.71923908300399
625,"[68, 422, 557, 935, 305, 593]",37.32915893905074,70.03614989122514,3,0.13832599144041746,1,12.913343537683227
626,"[839, 692, 667]",36.14298586860675,98.0761385518783,4,0.3317695777282804,0,39.873605945250915
627,"[58, 376]",19.66249064300701,99.071641819573,1,0.07083309034317968,0,18.230137071126688
628,"[20, 470]",9.93871405674573,83.46165228949977,3,0.2911451667553595,0,28.92070683156109
629,"[496, 327, 267, 930, 301]",21.282139076045265,89.65272864247764,6,0.6386442647898943,0,44.24076470123247
631,"[632, 682, 985, 628]",7.742080072087076,96.50836239530767,2,0.21942609746776634,0,32.10244477675648
632,"[193, 891]",25.80081194527606,97.56288283178996,4,0.3347500516126678,0,36.29771136927885
633,"[788, 358, 903, 35]",9.290773451015355,76.54638158180485,4,0.24149677907996284,0,17.64748372919667
634,"[350, 153]",11.734423759660295,94.2450809140784,4,0.43660808645038784,0,39.4236700571968
635,[562],12.884266902853927,95.24025880648988,4,0.28903250976533906,0,26.69873788350184
636,"[826, 124, 331, 983]",21.25991173345665,89.29966559025853,2,0.060253260163705274,0,9.707569104770164
637,"[313, 354]",7.258881159069837,98.54200800366083,1,0.07167131250186537,0,15.933023640245162
638,"[604, 338, 957]",48.93072778513973,60.753751165253,6,0.4972637495967257,1,32.6633493400397
640,"[591, 296]",9.59120932837262,98.95793478522127,2,0.19304810918109847,0,29.5427114339921
641,"[130, 518, 323, 50]",25.837901211238567,89.24857210143952,6,0.3103013174601002,0,22.52814233327546
642,"[499, 948, 296, 559]",23.13102708811625,87.88947508917458,6,0.5849237958346877,1,36.65195819277795
643,"[807, 278, 23, 317, 332, 944]",9.865882139125924,87.8996937251871,2,0.1753149116825343,0,24.261923111936433
644,"[61, 868, 196]",7.741853718103046,97.41171655519985,3,0.27411455953341446,0,30.33184953802906
645,[87],7.94305242495696,99.64859357394053,2,0.06265400164891143,0,9.458828741921094
646,"[570, 368, 719, 6]",8.884437266901813,92.7650590371033,1,0.07866942763626024,0,16.905440189314973
648,"[909, 629, 299]",25.755833341547827,91.72310627491684,4,0.2694331123932135,0,27.90911292929617
649,"[911, 320, 747]",41.59181267018004,90.11850563207976,4,0.3868363951264516,1,42.16326140868791
650,"[723, 435, 579, 497, 581]",9.178028416418407,86.23230617289671,4,0.4252248308114519,0,34.40522204632091
651,"[345, 160, 706, 544, 289]",10.960203152803281,98.8581352631426,3,0.24768238281916372,0,28.866629327509205
652,"[580, 707, 726, 782, 315]",2.5495097965503164,98.82021030623531,2,0.09565301579840131,0,13.390125362131087
653,"[633, 670, 732]",3.8528450451609535,94.62267826836487,1,0.041713714507464264,0,8.548259500592149
654,"[112, 422, 666]",7.632466981431373,97.92412746894227,4,0.40873368211432154,0,36.305495477688936
655,"[675, 935, 193]",14.558725959636805,90.41388633442835,3,0.2683545496676346,0,30.270910263001184
656,"[70, 525]",4.23327791059445,90.86966011125479,1,0.0399593743500428,0,7.9223198917741575
657,"[578, 383]",5.329026914775126,92.08108405155185,1,0.08066215153713083,0,16.434837128866583
658,"[641, 518, 252, 401, 509, 639, 899]",26.830945112035174,79.60775560175,6,0.3776305964814916,0,25.573004108950624
659,"[47, 57, 759, 916, 125]",10.128607934667638,67.96695407840997,2,0.10895546847925544,0,12.156488345999554
660,"[663, 952, 226, 887]",10.148257618919098,96.67584388260623,3,0.4340350809958312,0,49.12999094309265
661,"[571, 422, 20, 891]",19.212953503515838,98.93791640359798,2,0.14235248074423207,1,20.17328135980315
662,"[169, 727, 568, 696, 876]",2.1288894616983725,97.50192056716156,1,0.05711103310547894,0,11.771701973624365
663,"[844, 324, 510]",21.946884215423434,94.91005563718484,4,0.40734446112024,1,37.45304702518491
664,"[699, 40, 877]",27.515006893154737,94.58809809060722,4,0.42016648886999636,0,45.32167201828627
665,[752],0.0,100.0,0,0.0,0,0.0
666,[627],19.085911528803898,99.06609552047473,4,0.2714648429546264,0,27.77377624572943
667,"[551, 998, 516]",65.9380811201277,95.75787082497851,5,0.3585432285204981,0,45.0935367194414
668,"[528, 585]",21.854738086119514,96.96313221308019,2,0.1434966368439582,0,24.78097424649862
669,"[777, 147, 349]",20.21085901006221,82.50001208748586,3,0.20777308127905947,0,23.356601889135487
670,"[633, 816, 501, 35]",12.738932140211494,93.22730166232657,4,0.18455648701274413,0,16.71335265876993
671,[372],20.48883607946391,97.27669906574948,2,0.16689112199166453,0,28.47648259453092
672,[395],6.886470057642119,99.91791689622343,2,0.09392017417208359,0,14.032502643750602
673,"[963, 692, 436, 333]",24.476942231238294,83.77006648465252,2,0.18466211715053818,0,29.437784365921857
674,[57],40.88944876575312,99.07710980139593,6,0.4266765039349826,0,38.464039398524264
675,"[422, 302, 193, 947]",5.6148653777137465,98.13123166309053,2,0.18207113448353762,0,26.334790275997676
676,[634],4.974030846449088,95.21157175172682,4,0.30001543243462203,0,25.106179252045294
678,"[708, 268]",19.383112025624634,99.22602713928788,4,0.3137948882656402,0,32.24800558291898
679,"[806, 469]",18.21291673398714,98.93248541199193,7,0.792371630405364,0,50.139568703126166
680,"[320, 64, 720]",44.39495801584129,89.92182922019015,2,0.16041138504110955,0,32.75735403363716
681,"[896, 168, 694]",4.094246239998251,98.44758272569672,1,0.027906855162487088,0,5.956582771830078
682,"[933, 193, 42]",13.524216855885866,93.49194954891998,3,0.2585255263482145,0,29.613241216919228
683,"[817, 736, 679, 53, 125]",4.32865023586774,99.37839831032694,1,0.04881060473228162,0,10.543053879156648
684,"[488, 233, 164]",12.14736236176127,96.02186448259947,2,0.08162406242638308,0,12.543942597743396
685,"[480, 828, 879, 714, 991, 379]",0.0,100.0,0,0.0,0,0.0
686,"[63, 992, 810, 868, 453, 635, 375]",11.412363369812143,97.27776898576089,3,0.12643414067522016,0,14.60857804806833
687,"[657, 254, 591, 351, 513, 515]",32.784554257811216,78.65255839683898,5,0.6577000652065164,0,55.10717422233051
688,"[658, 765, 275, 668]",9.16415092174278,88.30853131409617,2,0.09150245226628145,0,12.597058980194925
689,"[976, 258, 377]",13.858114438512576,96.21167679783291,4,0.5684479533350327,0,53.569343284961704
690,[463],0.0,100.0,0,0.0,0,0.0
691,[59],14.308432764876217,98.96579320654673,3,0.2714604077184851,0,32.912628658080806
692,"[884, 156]",29.232713435331096,97.21743857862162,5,0.5548353110612768,0,51.74224857752135
693,[83],42.93812487328464,99.25108459215606,8,0.5628273547451058,1,36.1008095629955
694,"[268, 441, 562, 711]",9.65624247775807,85.27414232218715,2,0.1409952485234257,0,18.95147096411026
695,"[491, 210, 967]",0.0,100.0,0,0.0,0,0.0
696,"[799, 108, 958, 334]",20.86756469018866,72.73074243165718,4,0.39210264857965255,0,32.39687050416639
697,"[475, 673]",46.942192213640666,87.01730976077337,4,0.35960680456703464,0,44.206156427424474
700,"[720, 184]",39.46208997224941,96.3089928620726,2,0.14791754598599632,0,30.16752028593306
701,"[575, 332, 462, 764]",31.330738363808212,87.14323545462418,4,0.43016095828020545,0,45.566563687133446
702,"[65, 736, 150]",2.49573892027002,99.11896904277171,1,0.023641089892948115,0,4.975175147030178
703,[835],10.751186792980604,98.94495448656018,2,0.2209615212889239,0,34.27846585069659
704,"[973, 524]",20.59124242862654,96.7851077307018,5,0.5056818079599474,1,38.91067338640049
705,"[742, 359, 560]",15.136477629746171,97.16606187746659,4,0.2848618826844467,0,27.467136388292296
706,"[793, 27, 466, 372, 745]",75.32285933557326,90.05358125936276,7,0.5084557844492936,1,45.63036985170314
707,"[533, 796, 327]",18.420801478599163,96.4712695286299,3,0.11159737495246808,0,13.872944482515104
708,"[595, 919, 883]",28.920707942358796,91.53073084771768,7,0.42977601195007564,0,28.712759058912116
709,"[815, 247, 630]",33.04017290308997,98.26382713640419,8,0.550913170522424,0,35.79083713223547
710,"[857, 66]",20.015314313665176,96.34367602723687,4,0.2535722221774883,0,25.63413237061774
711,"[992, 616, 569]",14.771829534615344,89.12943114510081,3,0.405421164836139,0,45.315747938791766
712,"[12, 443, 535, 860]",25.242565658316142,86.67290970469288,5,0.48161459517242405,0,39.682071035551715
714,"[697, 934, 839, 452, 209, 143]",13.39792450561258,93.93447453432115,3,0.16972396456080993,0,19.489105228406423
715,"[817, 974, 936, 239]",8.256293699218466,97.66093344927006,2,0.15670567423255824,0,23.32081235605201
716,"[76, 82]",10.16539274467146,99.71793953255828,2,0.18695086848402992,0,29.000217707082925
717,[971],9.49709639629951,98.85593686684936,2,0.1601779354574539,0,24.462593423543527
718,"[385, 339]",0.0,100.0,0,0.0,0,0.0
719,"[39, 971, 89]",8.195452781392516,93.5369319436434,3,0.2080263501483415,0,22.320251699438312
720,"[192, 638]",38.03802764279003,94.07949463273906,4,0.6381714575148183,0,75.92761666138189
721,[118],0.0,100.0,0,0.0,0,0.0
722,[246],11.126724644810677,98.97986004942825,1,0.08461226290403649,0,19.782352458342015
723,"[3, 791, 407, 256, 301]",9.31011711183693,98.11845791964305,2,0.09164660607645879,0,13.87254654871151
724,"[81, 734, 86, 264]",25.36697232428451,0.0,5,0.3853690770114531,0,8.924958829988787
725,[422],34.203244280953896,95.59598098104436,3,0.2518106391911378,0,36.519343473448416
726,"[723, 228, 862]",21.070048467204046,97.03347755037016,5,0.21093548497748268,0,18.072666429632164
727,"[65, 291, 415]",31.886482752680408,83.2523139996756,4,0.12400723673091134,0,12.815015050998792
728,"[988, 114]",11.412407387323649,97.21938990281217,4,0.2570479971114594,0,23.74775641131676
729,"[6, 325, 478]",27.81165060421443,98.66679790597013,4,0.24842044526781354,0,27.709405216381803
730,"[76, 579, 369, 898]",8.85795148234889,94.69835489328057,4,0.33775292737212015,0,29.55891482525665
731,"[263, 39, 474, 374, 399, 971, 64]",34.41074312239636,63.9758010997881,3,0.37697852918773606,0,42.536012418904384
732,"[398, 449, 816, 141, 757]",17.00277796923506,86.12573291852533,4,0.19408259196121758,0,17.350146978239962
733,"[489, 172, 514]",21.440352525335342,96.90156764157658,3,0.24253808471398722,0,31.26063710862105
734,"[508, 709, 86, 36]",7.705973308724451,91.11945630038355,2,0.27006832510061773,0,37.50060413057031
735,"[76, 121, 279, 388, 775, 69]",4.356065325761993,82.90221396277411,2,0.19600270587041424,1,19.703169026624302
736,"[568, 738]",14.713778216263801,98.40313050603599,4,0.23210217818550605,0,22.508346101933284
737,"[402, 801]",7.1149713988413925,99.7051435256373,2,0.08315483121284448,0,12.434530246746903
738,"[461, 476, 674]",17.03736004391568,98.68333976142559,2,0.08534039053033157,0,14.18811339019945
739,"[906, 139, 985, 21, 91]",4.917908807608013,88.02155301137441,1,0.025076265553345606,0,4.871915414560721
740,"[186, 632, 242, 985]",17.597124898452,90.12969000106587,4,0.32405282177990397,0,30.246058444561346
741,"[767, 886, 574, 353]",5.599662102765911,91.45176214251514,2,0.14894492772284842,0,20.17682987230423
742,"[347, 999, 744, 728, 574, 880]",9.756223804317322,95.98923683608965,3,0.24031373970181266,0,26.90348402704493
743,"[555, 941]",15.622279087409401,98.97176966056666,2,0.10587211031564153,0,17.369835996745515
744,[114],22.35573926476952,97.04051143063187,5,0.4151809919854218,0,36.06148725445692
745,"[335, 706, 128, 164]",15.92362975914933,98.34359783452764,2,0.08898813395011877,1,10.463785956743182
746,"[218, 250]",13.336819421577745,98.36132467008835,3,0.27914398606288443,0,33.29947358934772
747,"[79, 100, 964, 873, 717, 104, 89]",24.18831723015902,89.40607221960975,4,0.42152003853405406,0,42.136565975952415
748,"[663, 143]",15.636794010070775,95.5658747900882,3,0.2020440028111716,0,24.158385340757178
749,[797],27.005936956117615,84.28189230192163,5,0.41985505917813015,0,34.58200826044868
750,"[754, 552, 301]",14.45021084598946,72.00740102521743,3,0.21806387624891213,0,20.443051227797245
751,"[226, 156, 471]",8.077769388965644,95.35640820142439,3,0.2671748014470613,0,29.12283684220136
752,"[331, 173, 917, 607]",62.534632020133714,81.36171617245522,4,0.35241541623659534,0,47.704618110040485
753,"[663, 266, 531]",17.314840635218875,89.92178161706971,3,0.21392936715329997,0,24.830973560072174
754,"[347, 730, 29, 894]",17.45379483759791,96.4115717580851,4,0.3143572157244794,0,30.91435682386671
755,"[955, 517, 713, 202]",0.0,100.0,0,0.0,0,0.0
756,"[182, 483, 744, 728, 560, 798]",15.541102872159403,98.50899161953645,2,0.07549537165119927,1,8.218655887838347
758,"[600, 158]",9.175218550737014,98.06624173419564,1,0.10550708642040128,0,23.905611562016915
759,"[304, 334]",18.73026379294765,94.587951049303,4,0.30568724091506716,0,30.03117981806187
760,"[866, 76, 541, 262, 353]",9.840726523125266,86.93231940882112,3,0.12164939469497467,0,12.501282344347329
761,"[467, 248, 854, 74]",26.45574245045856,93.37712262945651,2,0.15138758228161556,0,26.672081363452165
762,[326],13.947976120132761,98.80654699261969,3,0.14737983725326279,0,17.771891446739218
763,[950],35.22259405704442,95.12390334876673,6,0.5059971821062975,0,42.19672514570586
764,"[517, 523, 527]",21.009303609994156,97.41154574870838,4,0.3757485672095389,0,38.72407406487243
765,"[208, 108, 291, 659, 406, 73]",15.244385857238393,83.75144298010444,2,0.1314338976454667,0,18.733345730837385
766,"[826, 288, 326, 155]",0.0,100.0,0,0.0,0,0.0
767,"[520, 579, 775]",17.284164975923627,94.85709612213601,6,0.4671805096466092,1,28.219940528137936
768,"[826, 890, 207, 952, 515, 822]",20.42478802430192,89.77255444463356,2,0.24555086774921733,0,39.34595789533031
769,"[828, 324]",7.8316585861856804,99.27556375285309,2,0.2236998470443605,0,33.61202379667045
770,"[247, 439, 658, 641]",31.581898430025543,81.27873238594269,4,0.43174486080907615,0,43.77267514608402
771,"[403, 267, 543]",10.808162230778313,98.71263318478822,2,0.1468068749277783,0,22.743184375595018
772,"[58, 849]",42.464304087424814,96.34450431881119,4,0.25667092771699934,0,32.26026589157983
773,"[228, 804, 407, 301, 543]",1.530279901041454,99.15995934236302,1,0.0866827158109732,0,18.020120498677713
774,"[664, 491, 987]",29.733066967473793,94.78630608794079,4,0.28640925482001034,0,31.636450865623942
775,[400],18.177693397577613,99.10051328554549,4,0.37530832070995435,0,38.03525639501405
776,"[435, 205, 650]",2.370799260310644,98.69622531875663,2,0.13723610812101783,0,19.143110112845573
777,[910],30.47207467093216,99.29458475496007,3,0.1114251736966428,0,16.013594695555536
779,"[320, 399, 230]",12.70271075718725,98.15254610595231,2,0.3370900406733796,0,53.12923760210362
780,"[820, 368, 923, 729]",13.911218576178234,74.84246700611567,3,0.2211944003415379,0,21.217356653230038
781,"[669, 241]",11.201014094389793,89.44155783541507,3,0.2906055128246277,0,31.154354425348217
782,"[430, 871, 310, 965, 776]",3.92075581671621,97.90226040048826,2,0.09157811823371304,0,12.933868501253555
783,"[577, 998, 471, 506]",7.020904048841449,99.0955791427365,2,0.2969618364988919,0,44.10718564114685
784,"[212, 138, 553]",12.002289362113086,97.94889977115844,3,0.23336899728282132,1,23.205146758190132
785,"[504, 924, 861, 154]",7.847230699357937,98.15068238026251,2,0.16532407665631138,0,24.59079240570762
786,"[373, 978, 323, 457]",9.742284666286192,96.89205043747498,2,0.2932608183648156,0,44.12976806131732
788,"[622, 644, 861]",6.784177529417308,98.7953275626935,2,0.06385669531189157,0,9.430656270102192
789,"[5, 597, 184]",9.904525146014118,91.92458696489224,1,0.07028053923067909,0,15.177755563918364
790,"[505, 47, 606, 749]",7.428074454316875,95.39932773734715,1,0.11368224232747091,0,24.591123904104695
791,"[217, 384, 841]",2.1762588635081834,99.6600076654781,1,0.04714078510079273,0,9.931736871560014
792,[704],4.008614850549094,99.96181997301157,2,0.13414963267735713,0,19.346269151000854
793,"[1, 443, 374, 860, 902, 55]",51.63831236437411,64.38743117388782,7,0.6734956509594875,0,46.0837516390173
794,[902],5.381612680857252,99.08259538221523,2,0.1595171009940169,0,23.21246120533566
795,"[876, 354]",22.677796082517386,97.9639002903401,4,0.2650345524863941,0,27.91881703647522
796,"[871, 804, 137]",21.087382292845106,90.15094112546441,5,0.4245012895182542,0,34.37686248143221
797,"[580, 909, 820, 629, 127, 782, 214, 862, 589, 977, 346, 841, 215, 259]",43.27020835587771,69.63776418943402,6,0.2852032788245882,0,21.314008828328287
798,"[359, 220, 880]",16.450263117527403,97.63830310450587,4,0.3697035255890942,0,36.323381517000875
799,"[78, 356]",24.599888065997437,94.48124511638781,4,0.3079970400895094,0,32.21170266994655
800,"[959, 517, 851, 712, 794]",7.307808602450998,95.36504074021792,1,0.11513043239273077,0,24.858355553344357
801,"[960, 352]",9.961242651526868,97.39786534475378,2,0.146306428275866,0,22.175972094523754
802,"[428, 384, 30]",26.42878162666382,67.58108562877989,6,0.4767651918996193,0,28.771006903922242
803,"[528, 916, 585]",12.49342452098335,95.76949990933714,3,0.19902871894568352,0,22.98270581887746
804,"[542, 581, 648]",41.64498692229025,75.41591968112458,5,0.405790583256729,0,36.383527954379275
806,[936],20.64574703018409,97.23014932423243,3,0.19881993939569764,0,25.476568571202478
807,"[128, 372]",29.461952067459976,96.47315397014157,3,0.22835138604055116,1,27.731748620108032
808,[797],0.0,100.0,0,0.0,0,0.0
809,[123],7.00939715062285,99.98506344974018,1,0.1597798213435542,0,35.88460751790627
810,"[596, 903, 757, 861]",2.8445935264863027,99.9045765625137,2,0.21126999714041642,0,30.00250675345217
811,"[795, 715, 260]",14.519947083894255,91.77142093540166,3,0.20588202027658442,0,23.500021455550065
812,"[816, 616, 486]",0.0,100.0,0,0.0,0,0.0
813,"[168, 989]",10.48621133447655,99.60312762494632,3,0.28518204986710055,1,29.161796602095837
814,"[867, 391, 515, 416, 72]",8.534581798235948,98.27653407872891,2,0.07845601940384682,0,11.781770503233636
815,"[693, 699, 941, 50]",22.280936833247026,96.45532271091726,2,0.0965756366676844,0,16.686005824058547
816,"[61, 757]",7.895257895411844,97.67124241171112,3,0.21357118712959602,0,23.734285160232428
817,"[450, 811, 115, 593]",4.900686433854199,97.30338774449257,3,0.1356176744327008,0,14.46386409469636
818,"[948, 405, 442, 553, 466]",13.895428531450142,91.15858032713729,3,0.25005435697373385,0,28.17073329485054
819,"[993, 324, 783]",9.192507206344073,95.88361476981842,2,0.2967801773852904,0,43.95157137103262
820,"[30, 802]",24.237502374008965,75.19794457855332,5,0.36771726928520204,0,27.07095113587231
821,"[47, 430]",21.998316890810248,98.23576491698047,1,0.03371295721592628,0,8.83441785023503
822,"[612, 72]",15.53793320008228,99.03711703104456,3,0.26885948952934785,0,33.06967710878751
823,"[601, 366, 90]",13.621506951855773,98.7250364587903,3,0.24509368153167005,0,29.42467966085121
824,"[601, 536]",19.181343284310792,96.61402911999207,4,0.2796835110625234,0,28.08036522158532
825,"[883, 201]",3.583787031652905,97.60866866139288,2,0.22198290685847283,0,31.12551548522812
826,"[878, 383]",48.3082413787817,68.02363281535885,7,0.6080948478521556,0,41.35767424782323
827,"[222, 709, 86, 525, 401, 920]",39.89084096246583,68.59808369919361,6,0.5725369699569265,0,40.923770581457426
828,"[748, 132, 703]",24.956073229807664,94.31708010137628,5,0.42185085291588387,0,36.85562953753642
829,"[840, 64, 537]",42.34514498559325,92.74324534613216,4,0.45336852313146564,0,55.58190525104163
830,"[600, 529, 720]",10.775612207299668,97.98623239301875,2,0.16694410807874882,0,25.68683033213339
831,"[595, 708, 438, 447, 295]",14.486351529455904,97.24774026182787,4,0.35803835909073434,0,34.29201808252271
832,[526],16.946356067980293,95.77220200848738,3,0.2060061915853359,0,25.045252820967242
833,"[79, 449, 831, 361, 154]",4.094246239998251,81.33095547187283,1,0.027906855162487088,0,4.975349347953818
834,"[736, 637, 355, 408]",29.462060576228573,83.3659286735423,2,0.11734889472452933,0,19.71032796826447
835,"[511, 333]",12.17288020910712,98.95050063986851,1,0.03495502641599584,0,8.270537775970084
836,"[618, 371, 904, 954]",15.997136548019238,95.1326099755113,4,0.40852217697589654,0,39.093412495266975
837,[285],46.71247889074906,94.00465718810663,6,0.6084061989658084,0,55.80772985840606
838,"[689, 440, 626, 188, 839, 692]",18.26139157710121,92.59888249912514,3,0.33051123970828383,0,39.69995981064963
839,"[292, 887]",38.61485179689399,94.3256379232375,6,0.5210917382151101,0,44.59467163540545
841,"[505, 66, 892]",40.239054422327875,97.03573045023073,5,0.49035525275452724,0,50.595386729742174
842,"[291, 986, 674]",5.539433192351491,97.27241413503644,1,0.11070803658957619,0,23.801052937579634
843,"[218, 591, 669]",5.3510866945854865,98.1376082443276,2,0.18622586729162427,0,26.847662087992934
844,"[934, 174]",12.278971414539207,94.99703973420398,2,0.2283837312909141,0,34.832245533826246
845,"[146, 249]",8.628769779261747,94.5202662003271,1,0.18531603888131154,0,40.36135425359621
846,"[294, 392, 924, 635]",12.070570456412746,97.07831872368038,2,0.22079691168999457,0,34.22043703086222
847,[397],18.300779304866325,99.89716715417534,3,0.09441873021864726,1,7.945735990084584
848,"[203, 634, 929, 667, 506]",1.7915508901275556,99.29668810072937,1,0.1938234158603025,0,40.4863087481746
849,[536],20.918072862101713,99.90509952572376,2,0.15897995604979662,0,27.82346099268548
850,"[797, 282, 75, 46, 676]",5.765609026619217,94.70120080650628,3,0.19311872535337668,0,20.3090483834576
851,"[962, 393, 712, 544, 164]",20.260088247847765,89.0236511376767,4,0.4119408671463753,1,35.168294626895594
852,"[514, 186, 48, 933, 204, 90, 309]",15.70993395001091,95.65641022232643,1,0.07063917454606503,0,16.919929139329543
853,"[335, 257, 793, 955]",10.35821880961252,86.16217024810993,2,0.11991233857254299,0,16.41720189106425
854,"[866, 775, 369, 979, 117, 898]",38.92350377915163,91.3059772669765,6,0.4878072611815717,0,40.99949931878801
855,"[398, 449]",20.30951101602475,95.75449956055436,3,0.27248965918616835,0,34.37805700196
856,"[32, 631, 601, 204, 576, 272]",0.0,100.0,0,0.0,0,0.0
857,"[496, 430, 797, 533, 3, 965, 346, 497]",16.51254294966132,93.29849334225052,4,0.34141067463283087,0,32.34945365493078
858,"[214, 228]",14.570786065494728,73.96347683282997,3,0.17368531945598786,0,16.660279167608294
859,"[212, 160, 19, 245, 123, 642]",21.433346849836088,96.60281370497731,3,0.20303097438256137,0,26.10433334592181
860,"[396, 37]",38.97245159478169,98.77445930655749,6,0.5112412588951518,0,45.22963241595263
861,"[647, 168, 732]",12.55885956407225,97.18208078860908,5,0.29971914900685476,0,23.381049642839884
862,"[387, 763, 430, 710, 850, 589, 113, 802, 749]",10.120127482979973,94.65766191619997,2,0.15037713949459475,0,22.27229677155825
863,"[447, 694]",14.073353042252483,78.18098463036817,5,0.2511446681129006,0,16.671451147596322
864,"[474, 176, 230, 957]",27.713874513531092,72.86997643955048,3,0.36926036236390025,0,41.65187258372241
865,[438],8.794105371569982,99.01319069714562,3,0.2605709744240102,0,29.637295120225048
867,"[254, 961, 612, 878, 166, 687, 432]",38.221466112966944,89.1018052162411,6,0.36064068729337045,1,25.538250158371532
870,"[65, 759, 696, 905]",40.5766409298364,90.3102189082772,4,0.2514968700450818,0,29.842851892827753
872,"[545, 750]",7.582103578298997,95.9290429462616,2,0.2645622081716353,0,38.418767112137516
873,"[368, 864, 22, 176, 537, 104, 9]",34.647827733199726,62.46638909118875,6,0.6445366385668911,0,41.10611826177013
874,"[474, 320, 463, 420]",1.4889607182420834,99.52522662639876,1,0.06583567083440053,0,13.728260331607116
875,"[918, 244]",8.686529823834986,95.20303085140601,2,0.2514093484331168,0,36.76579355645662
877,"[148, 836, 587, 895]",34.54052367802258,80.35262134455215,5,0.5712172149636281,0,49.44167850433191
878,"[591, 419, 237]",43.993023271131136,94.32941119234076,3,0.3229493504059211,0,50.74596931757919
879,[502],8.306396298699898,98.99500533909118,2,0.14327744624374272,0,21.597305516167676
880,"[913, 82, 114]",30.449664053816274,76.22659199827137,6,0.4234528950396105,0,29.034900787207427
881,[975],3.4531364807618408,99.73931541954525,1,0.10700026184701146,0,22.934721534643103
882,"[510, 209]",24.716596436992724,93.3557552750499,6,0.892165849680857,0,66.13977494371319
883,"[670, 616, 337]",27.4494326892296,85.70180542466935,5,0.3646312107173808,1,26.427163510125123
884,"[188, 191, 839, 107, 99]",25.27511266950747,96.60867518674705,3,0.32604800624453084,0,43.638380521339464
885,"[549, 120, 708, 861]",0.0,100.0,0,0.0,0,0.0
886,"[34, 798, 894]",17.058380332849826,94.53443565389219,4,0.2885953069355065,0,27.81073966350151
887,"[998, 980, 106, 510, 445, 379]",46.24525405024456,63.917809701022044,9,0.8752500327127487,0,45.156414238297415
888,"[360, 793, 23, 523, 764]",39.46921406063391,94.05886001510048,6,0.5299244612556712,0,45.621895581900176
889,"[909, 850, 109, 871, 259, 858, 255]",22.914181096980755,85.10166489455085,3,0.24950574500541245,1,25.52995055624214
890,"[316, 147, 972, 287]",30.714699613642598,92.0604716045323,5,0.4436917368203433,0,40.41091990326728
891,"[740, 947, 725, 691, 305, 526]",61.76256760467644,91.91554712594507,8,0.7707056772072024,0,61.30996168938205
892,[821],21.64986705062967,98.23021962380271,2,0.12913793810872903,0,22.47709265350597
893,[533],5.464011198501791,99.58504055329102,1,0.12669540958244138,0,27.813875793554725
894,"[76, 82, 761]",11.514696824648116,95.99144048727568,3,0.1292398229756877,0,14.780116631968188
895,"[605, 330, 920, 724]",10.534988617719662,83.27868708442682,3,0.27064203358152716,0,27.054182617643473
896,"[521, 924, 919, 757, 711, 506]",25.065101511308654,72.39833038466243,5,0.45083623663227695,0,32.666474272092074
897,"[658, 709, 827]",12.50226129841723,94.06158692227513,2,0.18929638054909842,0,28.705463806283852
898,"[951, 434, 183, 767, 117]",30.228036752614493,85.6948583500767,6,0.530197091653228,0,39.20841780601184
899,"[978, 518, 608, 509, 364]",10.336041167038218,97.0320267343367,2,0.0895939679627384,0,13.596373693099972
900,[702],0.0,100.0,0,0.0,0,0.0
901,"[866, 227, 74]",2.565720914273897,99.21468180407261,1,0.11346380591012616,0,23.92207216512688
902,"[27, 860]",23.499417250078107,98.11086622215403,4,0.40298944027336253,0,42.86243964812318
903,"[757, 97]",8.005386747060149,99.01196848355711,3,0.2360806080851484,0,26.596472355098978
904,"[693, 323, 920, 50]",11.24105500598668,98.87675585901482,3,0.2726762016647471,0,31.889674082564124
905,"[38, 450, 811, 696]",27.036534129845954,93.95915972396166,3,0.2168114028923187,1,24.842691476296533
906,"[772, 458, 180]",27.79966354880228,90.68498954184078,3,0.18182556287448026,0,23.85795421292416
907,"[489, 602, 149, 116]",21.818022224950653,79.41284022416632,5,0.41186980936410444,0,30.600310923464864
908,"[247, 70, 439]",0.0,100.0,0,0.0,0,0.0
909,"[889, 327]",38.745164054908734,93.79564118612717,6,0.5884077640923847,1,46.124097563932736
911,"[94, 649, 22]",20.241343557544162,97.91998478644544,3,0.20073271763926695,1,21.64432096859054
912,[759],0.0,100.0,0,0.0,0,0.0
913,"[369, 306, 56]",9.983920234139884,91.37277737687371,1,0.11138110247903245,0,23.95178289969673
914,[78],11.69149561814984,99.75764972481134,2,0.12963664388309315,0,20.47780813396852
915,"[133, 81, 670, 361, 141]",0.0,100.0,0,0.0,0,0.0
916,"[613, 397, 408, 674]",17.27906167171282,96.18788668993652,6,0.4514161594412628,0,31.588251545234133
917,[432],34.245808964870726,99.01707821417902,4,0.2523071615024247,0,29.994096058502492
918,"[541, 620, 979]",19.715947922860337,98.80382241350686,4,0.2783571409032512,0,28.611081771215268
919,"[521, 992, 201, 501]",30.192507933083455,54.43966584197109,6,0.500617568725769,0,27.823675014537802
920,"[608, 145, 953]",25.71311702280167,96.89286462054659,5,0.424261343421006,0,38.107741671729634
922,[249],25.46355813975418,88.98872294286323,5,0.4640625273107112,0,39.06539043920309
923,"[719, 534, 700, 957, 638]",10.20993302870166,94.83546570636541,2,0.09748045689550762,0,14.47751181599239
924,"[429, 855, 311]",19.22304786912549,90.67289015178946,5,0.4246726450983949,0,33.819681171849346
925,"[645, 211, 16, 729]",28.203747043328978,96.3562653839406,3,0.2856528147373986,0,39.30347791028609
926,"[780, 964]",3.64244339043238,97.96459639742793,2,0.2701741466184483,0,38.04331792027138
927,"[5, 94, 840, 554, 77, 178]",6.561596233569625,97.5476890126914,1,0.07908213774768694,0,17.267940427036734
928,"[96, 56]",3.930753610756431,95.72311951255908,2,0.1875609396077125,0,25.93351981768278
929,"[993, 475, 502]",5.860370625015699,97.88473825141263,2,0.15946568813102707,0,23.082791469571713
930,"[770, 840, 556]",4.332888239273069,92.60661055513826,1,0.07689899862016493,0,15.541305453813827
931,"[79, 534]",54.27166233703041,95.23514886588262,4,0.39906308181608824,0,54.95560232352982
932,"[368, 64]",19.932102190599537,99.36747972387052,2,0.1318723163235256,0,22.744781828880647
933,[733],19.100839306345506,98.08419688367246,6,0.4537687874046744,0,32.90482123194724
934,"[748, 819, 998, 153, 506]",20.810049527078785,98.77728414765646,4,0.49629972723332183,0,51.59649977654491
935,"[625, 303]",58.46667067107697,78.62879447317846,7,0.46587905399476354,1,33.35478934323573
936,"[397, 837]",33.419439447485715,96.542286288536,5,0.3423802456711022,0,33.07976658217651
937,[920],9.612377364672437,99.75686732018355,2,0.21007238922176275,0,32.385948920707015
938,"[971, 230]",29.492898752359615,97.18011501085684,4,0.2593412982544202,0,29.088426394003722
939,"[554, 62, 323, 555]",0.0,100.0,0,0.0,0,0.0
940,"[785, 38]",0.0,100.0,0,0.0,0,0.0
941,"[508, 994, 31]",19.497133010786317,98.00462423425726,3,0.21293551164594923,0,27.119759516438933
942,"[570, 747, 720]",0.0,100.0,0,0.0,0,0.0
943,"[59, 71, 90, 526, 136]",14.721669714620516,95.17518066132818,1,0.06332373532748334,0,14.933687707060363
945,"[655, 933, 824]",10.127776675871942,92.19573715858778,3,0.16939392700722394,0,18.39008625109829
946,"[693, 62, 330]",8.628769779261747,99.29810847835708,1,0.18531603888131154,0,42.18016729407136
947,"[666, 935]",30.75624056972196,97.83571528500444,3,0.21460744833177875,0,30.604498438376314
948,"[701, 860, 642]",22.060225273115723,96.32115830803899,3,0.316198247049277,1,36.726182497889326
949,"[195, 67]",13.94829278322539,97.13893035800884,2,0.27278122473075567,0,43.235190843435724
950,"[127, 581]",36.679286502058105,93.6544913472234,3,0.3204067845281955,0,46.91516692282156
951,"[590, 425]",9.817975784372594,98.14521172016337,2,0.21543165012502058,0,32.81755736914226
952,"[480, 99]",21.56426572285639,76.18395802346906,4,0.22899584799764564,0,19.74497731646134
953,[145],11.785702500206916,99.64763167929303,2,0.23747963948982637,0,37.51809425144483
954,[439],13.580217071233106,99.29345684902883,3,0.27522222228046656,0,33.18687562318408
955,"[448, 409]",23.0095949125972,96.86044899736505,5,0.435678681178025,0,38.04822477913122
956,"[275, 679, 73, 476, 14]",26.546351104853045,85.79352431675122,3,0.10643727531063664,0,13.248569086608917
957,"[336, 80, 724]",35.64560808655742,37.85706953159874,4,0.15326586431638595,0,10.752958017044083
958,"[870, 179, 863, 847, 115, 356, 876]",6.7555089526296035,75.18893359368666,2,0.2745618713358316,0,31.65811895614362
959,"[793, 701, 278, 527]",41.18957805862958,92.87097962011673,3,0.228651541902978,0,34.7083249625675
960,"[61, 402, 708, 196]",15.656520482875493,98.67996773922894,2,0.06760137041434522,0,11.068185247353343
961,"[561, 41, 288, 329, 843]",22.84790932419019,80.82338860816492,4,0.355231646868236,1,28.374911491465664
962,"[553, 37]",10.026812519167363,98.93783967734096,2,0.21259394044231447,0,32.697111850523314
963,"[577, 623, 215]",19.356609049425224,70.33865158101136,4,0.4168608443164322,0,32.9330663319839
964,"[463, 646]",16.984756666544747,86.31148058308884,3,0.13580383765783494,0,15.197904294854343
965,"[47, 487, 796, 122]",8.214209334971653,86.0058130682992,3,0.24499243235376003,0,24.397761237937857
966,[371],5.346759120975491,97.60687248382447,1,0.0409768304952837,0,8.816112230394305
967,"[966, 62, 639]",15.044360960976626,95.57851381907919,5,0.38894397963008087,0,30.796994959372018
968,"[995, 961, 231, 155]",0.0,100.0,0,0.0,0,0.0
969,"[686, 787, 294, 521, 813]",15.256014258995043,98.75690272720782,2,0.1769929050018092,0,28.86777014333945
970,"[793, 539, 160, 11, 128, 712, 466]",17.652958900375342,98.94140805332543,2,0.21623393982014238,1,32.16066049421943
971,"[232, 77, 113, 184]",65.87107199208357,70.48367483710508,7,0.5835541212702005,0,47.4435958455045
972,"[451, 288, 144, 84, 781, 484, 432]",25.470908910974156,85.85299739081118,3,0.18493296158562278,0,22.758094506012306
973,"[199, 704, 886, 236, 741, 760]",17.431691624258185,65.09485154820773,3,0.2630102656833826,1,19.754819137702114
975,"[38, 582, 936]",8.244938152576612,98.52243476468018,2,0.22475642058428316,0,33.708576749121086
976,"[884, 578, 258, 667]",22.287149708344007,88.98160194434473,3,0.280410054182826,0,34.18609558529375
977,"[533, 497, 255]",7.216327737328503,98.57935458386655,3,0.2197105701162596,0,24.417206317368016
978,"[508, 252]",11.786486446716772,98.68877648157512,4,0.31188526997995103,0,29.318358734980418
979,[359],46.161585806208706,97.1674726769929,6,0.6121515289307894,0,57.02371926049799
980,"[258, 276, 189]",7.353231799212679,98.73094938200015,1,0.04775989887595424,0,10.648231512418684
981,"[139, 229, 91, 93]",20.018527299569563,92.55252905157938,2,0.07725236806114291,0,12.615368785405188
982,"[274, 803, 563]",15.91060524899687,86.35292669150078,3,0.15945567996151755,0,17.61702484808553
983,"[185, 804, 159]",8.511807661028646,79.2616142578912,2,0.20784161283221378,0,25.790747490153578
984,"[208, 358, 974, 415, 679]",24.264817642237475,89.86815924284966,2,0.15928500659788156,0,26.660825937590868
985,"[935, 823, 891]",25.43849984042017,92.74158426506112,5,0.4325302534674941,0,37.512545406095825
986,"[613, 715, 115, 916]",10.837116003341611,90.35372205461249,3,0.07701607387708169,0,8.290280143494776
987,"[693, 709, 937, 621, 953]",15.199341671190288,94.17021842638847,3,0.20005929896802876,0,23.514442438397666
988,"[705, 182, 388, 265, 353]",15.997923379840456,87.95859151904367,3,0.357973830884948,0,40.18292969579209
989,"[449, 919]",8.383915510534544,96.25767392409662,2,0.1566906211224829,0,23.053970687002
990,"[596, 392]",2.4046406690690243,99.40845174743423,1,0.0641651655165621,1,9.417050099889291
991,"[440, 929, 189]",14.02243836921963,98.3375174316909,2,0.10667364186196508,0,17.097063775124358
992,"[708, 831, 924, 635, 375]",26.630493373664578,82.72385351057007,5,0.4769896898477961,0,38.61561852181226
993,"[697, 567, 189]",14.788333449931676,95.82995105739508,5,0.4316412448509876,0,34.15122901347289
994,"[439, 25]",19.79865535901919,97.62605376135312,3,0.2471338397124049,0,31.481260311220424
995,"[51, 290, 370]",60.3664292733559,83.53543210306684,4,0.5522378005584465,1,70.31966798039332
996,"[254, 890, 296]",23.947659776601785,96.76275703395564,1,0.12368738477515773,0,32.698171891604865
997,"[850, 228, 194]",1.1252896169506112,99.85632209390211,1,0.05260907152665452,0,10.953587362477474
998,"[258, 471]",48.1342039471437,98.14582030062776,6,0.5111459099808268,0,48.697296770870366
999,"[705, 483, 767]",1.8818213117358726,99.85078705450863,1,0.013505432403274882,0,2.8397591810905944
